=== GA INPUT ===
{
  "nodes": {
    "D": {
      "type": "depot"
    },
    "1": {
      "type": "intersection"
    },
    "2": {
      "type": "intersection"
    },
    "BSS1": {
      "type": "bss"
    },
    "BSS2": {
      "type": "bss"
    },
    "C1": {
      "type": "customer"
    },
    "C2": {
      "type": "customer"
    },
    "3": {
      "type": "intersection"
    },
    "C3": {
      "type": "customer"
    },
    "C4": {
      "type": "customer"
    },
    "4": {
      "type": "intersection"
    },
    "5": {
      "type": "intersection"
    },
    "C5": {
      "type": "customer"
    },
    "6": {
      "type": "intersection"
    },
    "C6": {
      "type": "customer"
    },
    "BSS3": {
      "type": "bss"
    },
    "C7": {
      "type": "customer"
    },
    "BSS4": {
      "type": "bss"
    }
  },
  "edges": [
    {
      "from": "D",
      "to": "1",
      "distance": 6.94,
      "traffic_factor": 0.76
    },
    {
      "from": "D",
      "to": "2",
      "distance": 6.94,
      "traffic_factor": 0.76
    },
    {
      "from": "1",
      "to": "2",
      "distance": 5.59,
      "traffic_factor": 0.92
    },
    {
      "from": "1",
      "to": "C3",
      "distance": 4.59,
      "traffic_factor": 0.69
    },
    {
      "from": "1",
      "to": "5",
      "distance": 5.49,
      "traffic_factor": 0.76
    },
    {
      "from": "2",
      "to": "BSS2",
      "distance": 5.69,
      "traffic_factor": 0.69
    },
    {
      "from": "2",
      "to": "C3",
      "distance": 4.06,
      "traffic_factor": 0.79
    },
    {
      "from": "2",
      "to": "C4",
      "distance": 5.46,
      "traffic_factor": 0.67
    },
    {
      "from": "BSS1",
      "to": "C2",
      "distance": 5.81,
      "traffic_factor": 0.95
    },
    {
      "from": "BSS1",
      "to": "3",
      "distance": 4.3,
      "traffic_factor": 0.64
    },
    {
      "from": "BSS1",
      "to": "C5",
      "distance": 7.08,
      "traffic_factor": 0.95
    },
    {
      "from": "BSS2",
      "to": "3",
      "distance": 6.95,
      "traffic_factor": 0.73
    },
    {
      "from": "BSS2",
      "to": "5",
      "distance": 4.67,
      "traffic_factor": 0.78
    },
    {
      "from": "BSS2",
      "to": "C6",
      "distance": 5.46,
      "traffic_factor": 0.9
    },
    {
      "from": "BSS2",
      "to": "C7",
      "distance": 3.08,
      "traffic_factor": 0.82
    },
    {
      "from": "C1",
      "to": "4",
      "distance": 5.92,
      "traffic_factor": 0.81
    },
    {
      "from": "C1",
      "to": "6",
      "distance": 6.28,
      "traffic_factor": 0.95
    },
    {
      "from": "C1",
      "to": "BSS3",
      "distance": 3.86,
      "traffic_factor": 0.97
    },
    {
      "from": "C1",
      "to": "BSS4",
      "distance": 7.29,
      "traffic_factor": 0.81
    },
    {
      "from": "C2",
      "to": "C5",
      "distance": 4.09,
      "traffic_factor": 0.84
    },
    {
      "from": "C2",
      "to": "BSS3",
      "distance": 6.41,
      "traffic_factor": 0.65
    },
    {
      "from": "3",
      "to": "C6",
      "distance": 5.51,
      "traffic_factor": 0.78
    },
    {
      "from": "C3",
      "to": "5",
      "distance": 6.77,
      "traffic_factor": 0.82
    },
    {
      "from": "C4",
      "to": "C7",
      "distance": 7.84,
      "traffic_factor": 0.71
    },
    {
      "from": "4",
      "to": "5",
      "distance": 5.91,
      "traffic_factor": 0.88
    },
    {
      "from": "4",
      "to": "BSS4",
      "distance": 5.03,
      "traffic_factor": 0.94
    },
    {
      "from": "5",
      "to": "C6",
      "distance": 6.34,
      "traffic_factor": 0.69
    },
    {
      "from": "6",
      "to": "BSS4",
      "distance": 7.62,
      "traffic_factor": 0.69
    },
    {
      "from": "C6",
      "to": "C7",
      "distance": 6.37,
      "traffic_factor": 0.78
    },
    {
      "from": "BSS3",
      "to": "BSS4",
      "distance": 6.36,
      "traffic_factor": 0.63
    }
  ]
}

=== ORDER OF NODES ===
['D', '1', '2', 'BSS1', 'BSS2', 'C1', 'C2', '3', 'C3', 'C4', '4', '5', 'C5', '6', 'C6', 'BSS3', 'C7', 'BSS4']

=== CPLEX MATRICES ===

Station = [0, 0, 0, 1, 1, 0, 0, 0, 0, 0, 0, 0, 0, 0, 0, 1, 0, 1, 0];
Costumer = [0, 0, 0, 0, 0, 1, 1, 0, 1, 1, 0, 0, 1, 0, 1, 0, 1, 0, 0];

--- Adjacency (0/1) ---
[
 [0, 1, 1, 0, 0, 0, 0, 0, 0, 0, 0, 0, 0, 0, 0, 0, 0, 0, 0],
 [1, 0, 1, 0, 0, 0, 0, 0, 1, 0, 0, 1, 0, 0, 0, 0, 0, 0, 0],
 [1, 1, 0, 0, 1, 0, 0, 0, 1, 1, 0, 0, 0, 0, 0, 0, 0, 0, 1],
 [0, 0, 0, 0, 0, 0, 1, 1, 0, 0, 0, 0, 1, 0, 0, 0, 0, 0, 0],
 [0, 0, 1, 0, 0, 0, 0, 1, 0, 0, 0, 1, 0, 0, 1, 0, 1, 0, 0],
 [0, 0, 0, 0, 0, 0, 0, 0, 0, 0, 1, 0, 0, 1, 0, 1, 0, 1, 0],
 [0, 0, 0, 1, 0, 0, 0, 0, 0, 0, 0, 0, 1, 0, 0, 1, 0, 0, 0],
 [0, 0, 0, 1, 1, 0, 0, 0, 0, 0, 0, 0, 0, 0, 1, 0, 0, 0, 0],
 [0, 1, 1, 0, 0, 0, 0, 0, 0, 0, 0, 1, 0, 0, 0, 0, 0, 0, 0],
 [0, 0, 1, 0, 0, 0, 0, 0, 0, 0, 0, 0, 0, 0, 0, 0, 1, 0, 0],
 [0, 0, 0, 0, 0, 1, 0, 0, 0, 0, 0, 1, 0, 0, 0, 0, 0, 1, 0],
 [0, 1, 0, 0, 1, 0, 0, 0, 1, 0, 1, 0, 0, 0, 1, 0, 0, 0, 0],
 [0, 0, 0, 1, 0, 0, 1, 0, 0, 0, 0, 0, 0, 0, 0, 0, 0, 0, 0],
 [0, 0, 0, 0, 0, 1, 0, 0, 0, 0, 0, 0, 0, 0, 0, 0, 0, 1, 0],
 [0, 0, 0, 0, 1, 0, 0, 1, 0, 0, 0, 1, 0, 0, 0, 0, 1, 0, 0],
 [0, 0, 0, 0, 0, 1, 1, 0, 0, 0, 0, 0, 0, 0, 0, 0, 0, 1, 0],
 [0, 0, 0, 0, 1, 0, 0, 0, 0, 1, 0, 0, 0, 0, 1, 0, 0, 0, 0],
 [0, 0, 0, 0, 0, 1, 0, 0, 0, 0, 1, 0, 0, 1, 0, 1, 0, 0, 0],
 [0, 0, 1, 0, 0, 0, 0, 0, 0, 0, 0, 0, 0, 0, 0, 0, 0, 0, 0]
]

--- Distance (km) ---
[
 [0.0, 6.94, 6.94, 0.0, 0.0, 0.0, 0.0, 0.0, 0.0, 0.0, 0.0, 0.0, 0.0, 0.0, 0.0, 0.0, 0.0, 0.0, 0.0],
 [6.94, 0.0, 5.59, 0.0, 0.0, 0.0, 0.0, 0.0, 4.59, 0.0, 0.0, 5.49, 0.0, 0.0, 0.0, 0.0, 0.0, 0.0, 0.0],
 [6.94, 5.59, 0.0, 0.0, 5.69, 0.0, 0.0, 0.0, 4.06, 5.46, 0.0, 0.0, 0.0, 0.0, 0.0, 0.0, 0.0, 0.0, 6.94],
 [0.0, 0.0, 0.0, 0.0, 0.0, 0.0, 5.81, 4.3, 0.0, 0.0, 0.0, 0.0, 7.08, 0.0, 0.0, 0.0, 0.0, 0.0, 0.0],
 [0.0, 0.0, 5.69, 0.0, 0.0, 0.0, 0.0, 6.95, 0.0, 0.0, 0.0, 4.67, 0.0, 0.0, 5.46, 0.0, 3.08, 0.0, 0.0],
 [0.0, 0.0, 0.0, 0.0, 0.0, 0.0, 0.0, 0.0, 0.0, 0.0, 5.92, 0.0, 0.0, 6.28, 0.0, 3.86, 0.0, 7.29, 0.0],
 [0.0, 0.0, 0.0, 5.81, 0.0, 0.0, 0.0, 0.0, 0.0, 0.0, 0.0, 0.0, 4.09, 0.0, 0.0, 6.41, 0.0, 0.0, 0.0],
 [0.0, 0.0, 0.0, 4.3, 6.95, 0.0, 0.0, 0.0, 0.0, 0.0, 0.0, 0.0, 0.0, 0.0, 5.51, 0.0, 0.0, 0.0, 0.0],
 [0.0, 4.59, 4.06, 0.0, 0.0, 0.0, 0.0, 0.0, 0.0, 0.0, 0.0, 6.77, 0.0, 0.0, 0.0, 0.0, 0.0, 0.0, 0.0],
 [0.0, 0.0, 5.46, 0.0, 0.0, 0.0, 0.0, 0.0, 0.0, 0.0, 0.0, 0.0, 0.0, 0.0, 0.0, 0.0, 7.84, 0.0, 0.0],
 [0.0, 0.0, 0.0, 0.0, 0.0, 5.92, 0.0, 0.0, 0.0, 0.0, 0.0, 5.91, 0.0, 0.0, 0.0, 0.0, 0.0, 5.03, 0.0],
 [0.0, 5.49, 0.0, 0.0, 4.67, 0.0, 0.0, 0.0, 6.77, 0.0, 5.91, 0.0, 0.0, 0.0, 6.34, 0.0, 0.0, 0.0, 0.0],
 [0.0, 0.0, 0.0, 7.08, 0.0, 0.0, 4.09, 0.0, 0.0, 0.0, 0.0, 0.0, 0.0, 0.0, 0.0, 0.0, 0.0, 0.0, 0.0],
 [0.0, 0.0, 0.0, 0.0, 0.0, 6.28, 0.0, 0.0, 0.0, 0.0, 0.0, 0.0, 0.0, 0.0, 0.0, 0.0, 0.0, 7.62, 0.0],
 [0.0, 0.0, 0.0, 0.0, 5.46, 0.0, 0.0, 5.51, 0.0, 0.0, 0.0, 6.34, 0.0, 0.0, 0.0, 0.0, 6.37, 0.0, 0.0],
 [0.0, 0.0, 0.0, 0.0, 0.0, 3.86, 6.41, 0.0, 0.0, 0.0, 0.0, 0.0, 0.0, 0.0, 0.0, 0.0, 0.0, 6.36, 0.0],
 [0.0, 0.0, 0.0, 0.0, 3.08, 0.0, 0.0, 0.0, 0.0, 7.84, 0.0, 0.0, 0.0, 0.0, 6.37, 0.0, 0.0, 0.0, 0.0],
 [0.0, 0.0, 0.0, 0.0, 0.0, 7.29, 0.0, 0.0, 0.0, 0.0, 5.03, 0.0, 0.0, 7.62, 0.0, 6.36, 0.0, 0.0, 0.0],
 [0.0, 0.0, 6.94, 0.0, 0.0, 0.0, 0.0, 0.0, 0.0, 0.0, 0.0, 0.0, 0.0, 0.0, 0.0, 0.0, 0.0, 0.0, 0.0]
]

--- TrafficFactor ---
[
 [0.0, 0.76, 0.76, 0.0, 0.0, 0.0, 0.0, 0.0, 0.0, 0.0, 0.0, 0.0, 0.0, 0.0, 0.0, 0.0, 0.0, 0.0, 0.0],
 [0.76, 0.0, 0.92, 0.0, 0.0, 0.0, 0.0, 0.0, 0.69, 0.0, 0.0, 0.76, 0.0, 0.0, 0.0, 0.0, 0.0, 0.0, 0.0],
 [0.76, 0.92, 0.0, 0.0, 0.69, 0.0, 0.0, 0.0, 0.79, 0.67, 0.0, 0.0, 0.0, 0.0, 0.0, 0.0, 0.0, 0.0, 0.76],
 [0.0, 0.0, 0.0, 0.0, 0.0, 0.0, 0.95, 0.64, 0.0, 0.0, 0.0, 0.0, 0.95, 0.0, 0.0, 0.0, 0.0, 0.0, 0.0],
 [0.0, 0.0, 0.69, 0.0, 0.0, 0.0, 0.0, 0.73, 0.0, 0.0, 0.0, 0.78, 0.0, 0.0, 0.9, 0.0, 0.82, 0.0, 0.0],
 [0.0, 0.0, 0.0, 0.0, 0.0, 0.0, 0.0, 0.0, 0.0, 0.0, 0.81, 0.0, 0.0, 0.95, 0.0, 0.97, 0.0, 0.81, 0.0],
 [0.0, 0.0, 0.0, 0.95, 0.0, 0.0, 0.0, 0.0, 0.0, 0.0, 0.0, 0.0, 0.84, 0.0, 0.0, 0.65, 0.0, 0.0, 0.0],
 [0.0, 0.0, 0.0, 0.64, 0.73, 0.0, 0.0, 0.0, 0.0, 0.0, 0.0, 0.0, 0.0, 0.0, 0.78, 0.0, 0.0, 0.0, 0.0],
 [0.0, 0.69, 0.79, 0.0, 0.0, 0.0, 0.0, 0.0, 0.0, 0.0, 0.0, 0.82, 0.0, 0.0, 0.0, 0.0, 0.0, 0.0, 0.0],
 [0.0, 0.0, 0.67, 0.0, 0.0, 0.0, 0.0, 0.0, 0.0, 0.0, 0.0, 0.0, 0.0, 0.0, 0.0, 0.0, 0.71, 0.0, 0.0],
 [0.0, 0.0, 0.0, 0.0, 0.0, 0.81, 0.0, 0.0, 0.0, 0.0, 0.0, 0.88, 0.0, 0.0, 0.0, 0.0, 0.0, 0.94, 0.0],
 [0.0, 0.76, 0.0, 0.0, 0.78, 0.0, 0.0, 0.0, 0.82, 0.0, 0.88, 0.0, 0.0, 0.0, 0.69, 0.0, 0.0, 0.0, 0.0],
 [0.0, 0.0, 0.0, 0.95, 0.0, 0.0, 0.84, 0.0, 0.0, 0.0, 0.0, 0.0, 0.0, 0.0, 0.0, 0.0, 0.0, 0.0, 0.0],
 [0.0, 0.0, 0.0, 0.0, 0.0, 0.95, 0.0, 0.0, 0.0, 0.0, 0.0, 0.0, 0.0, 0.0, 0.0, 0.0, 0.0, 0.69, 0.0],
 [0.0, 0.0, 0.0, 0.0, 0.9, 0.0, 0.0, 0.78, 0.0, 0.0, 0.0, 0.69, 0.0, 0.0, 0.0, 0.0, 0.78, 0.0, 0.0],
 [0.0, 0.0, 0.0, 0.0, 0.0, 0.97, 0.65, 0.0, 0.0, 0.0, 0.0, 0.0, 0.0, 0.0, 0.0, 0.0, 0.0, 0.63, 0.0],
 [0.0, 0.0, 0.0, 0.0, 0.82, 0.0, 0.0, 0.0, 0.0, 0.71, 0.0, 0.0, 0.0, 0.0, 0.78, 0.0, 0.0, 0.0, 0.0],
 [0.0, 0.0, 0.0, 0.0, 0.0, 0.81, 0.0, 0.0, 0.0, 0.0, 0.94, 0.0, 0.0, 0.69, 0.0, 0.63, 0.0, 0.0, 0.0],
 [0.0, 0.0, 0.76, 0.0, 0.0, 0.0, 0.0, 0.0, 0.0, 0.0, 0.0, 0.0, 0.0, 0.0, 0.0, 0.0, 0.0, 0.0, 0.0]
]

--- Travel Time T (minutes) ---
[
 [0.0, 10.96, 10.96, 0.0, 0.0, 0.0, 0.0, 0.0, 0.0, 0.0, 0.0, 0.0, 0.0, 0.0, 0.0, 0.0, 0.0, 0.0, 0.0],
 [10.96, 0.0, 7.29, 0.0, 0.0, 0.0, 0.0, 0.0, 7.98, 0.0, 0.0, 8.67, 0.0, 0.0, 0.0, 0.0, 0.0, 0.0, 0.0],
 [10.96, 7.29, 0.0, 0.0, 9.9, 0.0, 0.0, 0.0, 6.17, 9.78, 0.0, 0.0, 0.0, 0.0, 0.0, 0.0, 0.0, 0.0, 10.96],
 [0.0, 0.0, 0.0, 0.0, 0.0, 0.0, 7.34, 8.06, 0.0, 0.0, 0.0, 0.0, 8.94, 0.0, 0.0, 0.0, 0.0, 0.0, 0.0],
 [0.0, 0.0, 9.9, 0.0, 0.0, 0.0, 0.0, 11.42, 0.0, 0.0, 0.0, 7.18, 0.0, 0.0, 7.28, 0.0, 4.51, 0.0, 0.0],
 [0.0, 0.0, 0.0, 0.0, 0.0, 0.0, 0.0, 0.0, 0.0, 0.0, 8.77, 0.0, 0.0, 7.93, 0.0, 4.78, 0.0, 10.8, 0.0],
 [0.0, 0.0, 0.0, 7.34, 0.0, 0.0, 0.0, 0.0, 0.0, 0.0, 0.0, 0.0, 5.84, 0.0, 0.0, 11.83, 0.0, 0.0, 0.0],
 [0.0, 0.0, 0.0, 8.06, 11.42, 0.0, 0.0, 0.0, 0.0, 0.0, 0.0, 0.0, 0.0, 0.0, 8.48, 0.0, 0.0, 0.0, 0.0],
 [0.0, 7.98, 6.17, 0.0, 0.0, 0.0, 0.0, 0.0, 0.0, 0.0, 0.0, 9.91, 0.0, 0.0, 0.0, 0.0, 0.0, 0.0, 0.0],
 [0.0, 0.0, 9.78, 0.0, 0.0, 0.0, 0.0, 0.0, 0.0, 0.0, 0.0, 0.0, 0.0, 0.0, 0.0, 0.0, 13.25, 0.0, 0.0],
 [0.0, 0.0, 0.0, 0.0, 0.0, 8.77, 0.0, 0.0, 0.0, 0.0, 0.0, 8.06, 0.0, 0.0, 0.0, 0.0, 0.0, 6.42, 0.0],
 [0.0, 8.67, 0.0, 0.0, 7.18, 0.0, 0.0, 0.0, 9.91, 0.0, 8.06, 0.0, 0.0, 0.0, 11.03, 0.0, 0.0, 0.0, 0.0],
 [0.0, 0.0, 0.0, 8.94, 0.0, 0.0, 5.84, 0.0, 0.0, 0.0, 0.0, 0.0, 0.0, 0.0, 0.0, 0.0, 0.0, 0.0, 0.0],
 [0.0, 0.0, 0.0, 0.0, 0.0, 7.93, 0.0, 0.0, 0.0, 0.0, 0.0, 0.0, 0.0, 0.0, 0.0, 0.0, 0.0, 13.25, 0.0],
 [0.0, 0.0, 0.0, 0.0, 7.28, 0.0, 0.0, 8.48, 0.0, 0.0, 0.0, 11.03, 0.0, 0.0, 0.0, 0.0, 9.8, 0.0, 0.0],
 [0.0, 0.0, 0.0, 0.0, 0.0, 4.78, 11.83, 0.0, 0.0, 0.0, 0.0, 0.0, 0.0, 0.0, 0.0, 0.0, 0.0, 12.11, 0.0],
 [0.0, 0.0, 0.0, 0.0, 4.51, 0.0, 0.0, 0.0, 0.0, 13.25, 0.0, 0.0, 0.0, 0.0, 9.8, 0.0, 0.0, 0.0, 0.0],
 [0.0, 0.0, 0.0, 0.0, 0.0, 10.8, 0.0, 0.0, 0.0, 0.0, 6.42, 0.0, 0.0, 13.25, 0.0, 12.11, 0.0, 0.0, 0.0],
 [0.0, 0.0, 10.96, 0.0, 0.0, 0.0, 0.0, 0.0, 0.0, 0.0, 0.0, 0.0, 0.0, 0.0, 0.0, 0.0, 0.0, 0.0, 0.0]
]

--- Energy Drop (Edrop) - with load ---
[
 [0.0, 0.82, 0.82, 0.0, 0.0, 0.0, 0.0, 0.0, 0.0, 0.0, 0.0, 0.0, 0.0, 0.0, 0.0, 0.0, 0.0, 0.0, 0.0],
 [0.82, 0.0, 0.7, 0.0, 0.0, 0.0, 0.0, 0.0, 0.53, 0.0, 0.0, 0.65, 0.0, 0.0, 0.0, 0.0, 0.0, 0.0, 0.0],
 [0.82, 0.7, 0.0, 0.0, 0.66, 0.0, 0.0, 0.0, 0.48, 0.63, 0.0, 0.0, 0.0, 0.0, 0.0, 0.0, 0.0, 0.0, 0.82],
 [0.0, 0.0, 0.0, 0.0, 0.0, 0.0, 0.73, 0.49, 0.0, 0.0, 0.0, 0.0, 0.89, 0.0, 0.0, 0.0, 0.0, 0.0, 0.0],
 [0.0, 0.0, 0.66, 0.0, 0.0, 0.0, 0.0, 0.81, 0.0, 0.0, 0.0, 0.56, 0.0, 0.0, 0.68, 0.0, 0.37, 0.0, 0.0],
 [0.0, 0.0, 0.0, 0.0, 0.0, 0.0, 0.0, 0.0, 0.0, 0.0, 0.71, 0.0, 0.0, 0.79, 0.0, 0.49, 0.0, 0.88, 0.0],
 [0.0, 0.0, 0.0, 0.73, 0.0, 0.0, 0.0, 0.0, 0.0, 0.0, 0.0, 0.0, 0.5, 0.0, 0.0, 0.73, 0.0, 0.0, 0.0],
 [0.0, 0.0, 0.0, 0.49, 0.81, 0.0, 0.0, 0.0, 0.0, 0.0, 0.0, 0.0, 0.0, 0.0, 0.66, 0.0, 0.0, 0.0, 0.0],
 [0.0, 0.53, 0.48, 0.0, 0.0, 0.0, 0.0, 0.0, 0.0, 0.0, 0.0, 0.82, 0.0, 0.0, 0.0, 0.0, 0.0, 0.0, 0.0],
 [0.0, 0.0, 0.63, 0.0, 0.0, 0.0, 0.0, 0.0, 0.0, 0.0, 0.0, 0.0, 0.0, 0.0, 0.0, 0.0, 0.91, 0.0, 0.0],
 [0.0, 0.0, 0.0, 0.0, 0.0, 0.71, 0.0, 0.0, 0.0, 0.0, 0.0, 0.73, 0.0, 0.0, 0.0, 0.0, 0.0, 0.63, 0.0],
 [0.0, 0.65, 0.0, 0.0, 0.56, 0.0, 0.0, 0.0, 0.82, 0.0, 0.73, 0.0, 0.0, 0.0, 0.73, 0.0, 0.0, 0.0, 0.0],
 [0.0, 0.0, 0.0, 0.89, 0.0, 0.0, 0.5, 0.0, 0.0, 0.0, 0.0, 0.0, 0.0, 0.0, 0.0, 0.0, 0.0, 0.0, 0.0],
 [0.0, 0.0, 0.0, 0.0, 0.0, 0.79, 0.0, 0.0, 0.0, 0.0, 0.0, 0.0, 0.0, 0.0, 0.0, 0.0, 0.0, 0.88, 0.0],
 [0.0, 0.0, 0.0, 0.0, 0.68, 0.0, 0.0, 0.66, 0.0, 0.0, 0.0, 0.73, 0.0, 0.0, 0.0, 0.0, 0.76, 0.0, 0.0],
 [0.0, 0.0, 0.0, 0.0, 0.0, 0.49, 0.73, 0.0, 0.0, 0.0, 0.0, 0.0, 0.0, 0.0, 0.0, 0.0, 0.0, 0.72, 0.0],
 [0.0, 0.0, 0.0, 0.0, 0.37, 0.0, 0.0, 0.0, 0.0, 0.91, 0.0, 0.0, 0.0, 0.0, 0.76, 0.0, 0.0, 0.0, 0.0],
 [0.0, 0.0, 0.0, 0.0, 0.0, 0.88, 0.0, 0.0, 0.0, 0.0, 0.63, 0.0, 0.0, 0.88, 0.0, 0.72, 0.0, 0.0, 0.0],
 [0.0, 0.0, 0.82, 0.0, 0.0, 0.0, 0.0, 0.0, 0.0, 0.0, 0.0, 0.0, 0.0, 0.0, 0.0, 0.0, 0.0, 0.0, 0.0]
]

--- Energy Box (Ebox) - without load ---
[
 [0.0, 0.1, 0.1, 0.0, 0.0, 0.0, 0.0, 0.0, 0.0, 0.0, 0.0, 0.0, 0.0, 0.0, 0.0, 0.0, 0.0, 0.0, 0.0],
 [0.1, 0.0, 0.12, 0.0, 0.0, 0.0, 0.0, 0.0, 0.05, 0.0, 0.0, 0.08, 0.0, 0.0, 0.0, 0.0, 0.0, 0.0, 0.0],
 [0.1, 0.12, 0.0, 0.0, 0.07, 0.0, 0.0, 0.0, 0.06, 0.06, 0.0, 0.0, 0.0, 0.0, 0.0, 0.0, 0.0, 0.0, 0.1],
 [0.0, 0.0, 0.0, 0.0, 0.0, 0.0, 0.13, 0.04, 0.0, 0.0, 0.0, 0.0, 0.16, 0.0, 0.0, 0.0, 0.0, 0.0, 0.0],
 [0.0, 0.0, 0.07, 0.0, 0.0, 0.0, 0.0, 0.09, 0.0, 0.0, 0.0, 0.07, 0.0, 0.0, 0.11, 0.0, 0.05, 0.0, 0.0],
 [0.0, 0.0, 0.0, 0.0, 0.0, 0.0, 0.0, 0.0, 0.0, 0.0, 0.1, 0.0, 0.0, 0.14, 0.0, 0.09, 0.0, 0.12, 0.0],
 [0.0, 0.0, 0.0, 0.13, 0.0, 0.0, 0.0, 0.0, 0.0, 0.0, 0.0, 0.0, 0.07, 0.0, 0.0, 0.07, 0.0, 0.0, 0.0],
 [0.0, 0.0, 0.0, 0.04, 0.09, 0.0, 0.0, 0.0, 0.0, 0.0, 0.0, 0.0, 0.0, 0.0, 0.08, 0.0, 0.0, 0.0, 0.0],
 [0.0, 0.05, 0.06, 0.0, 0.0, 0.0, 0.0, 0.0, 0.0, 0.0, 0.0, 0.11, 0.0, 0.0, 0.0, 0.0, 0.0, 0.0, 0.0],
 [0.0, 0.0, 0.06, 0.0, 0.0, 0.0, 0.0, 0.0, 0.0, 0.0, 0.0, 0.0, 0.0, 0.0, 0.0, 0.0, 0.1, 0.0, 0.0],
 [0.0, 0.0, 0.0, 0.0, 0.0, 0.1, 0.0, 0.0, 0.0, 0.0, 0.0, 0.11, 0.0, 0.0, 0.0, 0.0, 0.0, 0.11, 0.0],
 [0.0, 0.08, 0.0, 0.0, 0.07, 0.0, 0.0, 0.0, 0.11, 0.0, 0.11, 0.0, 0.0, 0.0, 0.08, 0.0, 0.0, 0.0, 0.0],
 [0.0, 0.0, 0.0, 0.16, 0.0, 0.0, 0.07, 0.0, 0.0, 0.0, 0.0, 0.0, 0.0, 0.0, 0.0, 0.0, 0.0, 0.0, 0.0],
 [0.0, 0.0, 0.0, 0.0, 0.0, 0.14, 0.0, 0.0, 0.0, 0.0, 0.0, 0.0, 0.0, 0.0, 0.0, 0.0, 0.0, 0.09, 0.0],
 [0.0, 0.0, 0.0, 0.0, 0.11, 0.0, 0.0, 0.08, 0.0, 0.0, 0.0, 0.08, 0.0, 0.0, 0.0, 0.0, 0.1, 0.0, 0.0],
 [0.0, 0.0, 0.0, 0.0, 0.0, 0.09, 0.07, 0.0, 0.0, 0.0, 0.0, 0.0, 0.0, 0.0, 0.0, 0.0, 0.0, 0.06, 0.0],
 [0.0, 0.0, 0.0, 0.0, 0.05, 0.0, 0.0, 0.0, 0.0, 0.1, 0.0, 0.0, 0.0, 0.0, 0.1, 0.0, 0.0, 0.0, 0.0],
 [0.0, 0.0, 0.0, 0.0, 0.0, 0.12, 0.0, 0.0, 0.0, 0.0, 0.11, 0.0, 0.0, 0.09, 0.0, 0.06, 0.0, 0.0, 0.0],
 [0.0, 0.0, 0.1, 0.0, 0.0, 0.0, 0.0, 0.0, 0.0, 0.0, 0.0, 0.0, 0.0, 0.0, 0.0, 0.0, 0.0, 0.0, 0.0]
]
