This is the Example that broke the CPLEX

=== GA INPUT ===
{
  "nodes": {
    "D": {
      "type": "depot"
    },
    "1": {
      "type": "intersection"
    },
    "2": {
      "type": "intersection"
    },
    "C1": {
      "type": "customer"
    },
    "BSS1": {
      "type": "bss"
    },
    "C2": {
      "type": "customer"
    },
    "C3": {
      "type": "customer"
    },
    "3": {
      "type": "intersection"
    },
    "4": {
      "type": "intersection"
    },
    "BSS2": {
      "type": "bss"
    },
    "5": {
      "type": "intersection"
    },
    "BSS3": {
      "type": "bss"
    },
    "C4": {
      "type": "customer"
    },
    "C5": {
      "type": "customer"
    },
    "6": {
      "type": "intersection"
    },
    "C6": {
      "type": "customer"
    },
    "BSS4": {
      "type": "bss"
    },
    "C7": {
      "type": "customer"
    }
  },
  "edges": [
    {
      "from": "D",
      "to": "1",
      "distance": 5.88,
      "traffic_factor": 0.68
    },
    {
      "from": "D",
      "to": "2",
      "distance": 5.88,
      "traffic_factor": 0.68
    },
    {
      "from": "1",
      "to": "2",
      "distance": 4.85,
      "traffic_factor": 0.74
    },
    {
      "from": "1",
      "to": "4",
      "distance": 5.08,
      "traffic_factor": 0.97
    },
    {
      "from": "1",
      "to": "BSS3",
      "distance": 5.77,
      "traffic_factor": 0.66
    },
    {
      "from": "2",
      "to": "BSS1",
      "distance": 7.61,
      "traffic_factor": 0.63
    },
    {
      "from": "2",
      "to": "4",
      "distance": 3.44,
      "traffic_factor": 1.0
    },
    {
      "from": "2",
      "to": "BSS2",
      "distance": 3.22,
      "traffic_factor": 0.76
    },
    {
      "from": "C1",
      "to": "C3",
      "distance": 7.95,
      "traffic_factor": 0.87
    },
    {
      "from": "C1",
      "to": "3",
      "distance": 4.05,
      "traffic_factor": 0.78
    },
    {
      "from": "C1",
      "to": "C4",
      "distance": 5.46,
      "traffic_factor": 0.78
    },
    {
      "from": "BSS1",
      "to": "3",
      "distance": 4.5,
      "traffic_factor": 0.89
    },
    {
      "from": "BSS1",
      "to": "BSS3",
      "distance": 6.55,
      "traffic_factor": 0.63
    },
    {
      "from": "BSS1",
      "to": "6",
      "distance": 6.97,
      "traffic_factor": 0.64
    },
    {
      "from": "BSS1",
      "to": "BSS4",
      "distance": 3.61,
      "traffic_factor": 0.74
    },
    {
      "from": "C2",
      "to": "5",
      "distance": 7.8,
      "traffic_factor": 0.68
    },
    {
      "from": "C2",
      "to": "C5",
      "distance": 4.47,
      "traffic_factor": 0.71
    },
    {
      "from": "C2",
      "to": "C6",
      "distance": 7.66,
      "traffic_factor": 0.82
    },
    {
      "from": "C2",
      "to": "C7",
      "distance": 5.97,
      "traffic_factor": 0.87
    },
    {
      "from": "C3",
      "to": "C4",
      "distance": 6.15,
      "traffic_factor": 0.92
    },
    {
      "from": "C3",
      "to": "C6",
      "distance": 7.24,
      "traffic_factor": 0.97
    },
    {
      "from": "3",
      "to": "6",
      "distance": 6.31,
      "traffic_factor": 0.76
    },
    {
      "from": "4",
      "to": "BSS3",
      "distance": 6.94,
      "traffic_factor": 0.78
    },
    {
      "from": "BSS2",
      "to": "BSS4",
      "distance": 4.48,
      "traffic_factor": 0.84
    },
    {
      "from": "5",
      "to": "BSS3",
      "distance": 7.0,
      "traffic_factor": 0.76
    },
    {
      "from": "5",
      "to": "C7",
      "distance": 3.41,
      "traffic_factor": 0.75
    },
    {
      "from": "BSS3",
      "to": "6",
      "distance": 3.15,
      "traffic_factor": 0.69
    },
    {
      "from": "C5",
      "to": "C7",
      "distance": 4.63,
      "traffic_factor": 0.81
    },
    {
      "from": "6",
      "to": "BSS4",
      "distance": 3.3,
      "traffic_factor": 0.68
    },
    {
      "from": "C6",
      "to": "C7",
      "distance": 5.52,
      "traffic_factor": 0.98
    }
  ]
}

=== ORDER OF NODES ===
['D', '1', '2', 'C1', 'BSS1', 'C2', 'C3', '3', '4', 'BSS2', '5', 'BSS3', 'C4', 'C5', '6', 'C6', 'BSS4', 'C7']

=== CPLEX MATRICES ===

--- Adjacency (0/1) ---
[
 [0, 1, 1, 0, 0, 0, 0, 0, 0, 0, 0, 0, 0, 0, 0, 0, 0, 0, 0],
 [1, 0, 1, 0, 0, 0, 0, 0, 1, 0, 0, 1, 0, 0, 0, 0, 0, 0, 0],
 [1, 1, 0, 0, 1, 0, 0, 0, 1, 1, 0, 0, 0, 0, 0, 0, 0, 0, 1],
 [0, 0, 0, 0, 0, 0, 1, 1, 0, 0, 0, 0, 1, 0, 0, 0, 0, 0, 0],
 [0, 0, 1, 0, 0, 0, 0, 1, 0, 0, 0, 1, 0, 0, 1, 0, 1, 0, 0],
 [0, 0, 0, 0, 0, 0, 0, 0, 0, 0, 1, 0, 0, 1, 0, 1, 0, 1, 0],
 [0, 0, 0, 1, 0, 0, 0, 0, 0, 0, 0, 0, 1, 0, 0, 1, 0, 0, 0],
 [0, 0, 0, 1, 1, 0, 0, 0, 0, 0, 0, 0, 0, 0, 1, 0, 0, 0, 0],
 [0, 1, 1, 0, 0, 0, 0, 0, 0, 0, 0, 1, 0, 0, 0, 0, 0, 0, 0],
 [0, 0, 1, 0, 0, 0, 0, 0, 0, 0, 0, 0, 0, 0, 0, 0, 1, 0, 0],
 [0, 0, 0, 0, 0, 1, 0, 0, 0, 0, 0, 1, 0, 0, 0, 0, 0, 1, 0],
 [0, 1, 0, 0, 1, 0, 0, 0, 1, 0, 1, 0, 0, 0, 1, 0, 0, 0, 0],
 [0, 0, 0, 1, 0, 0, 1, 0, 0, 0, 0, 0, 0, 0, 0, 0, 0, 0, 0],
 [0, 0, 0, 0, 0, 1, 0, 0, 0, 0, 0, 0, 0, 0, 0, 0, 0, 1, 0],
 [0, 0, 0, 0, 1, 0, 0, 1, 0, 0, 0, 1, 0, 0, 0, 0, 1, 0, 0],
 [0, 0, 0, 0, 0, 1, 1, 0, 0, 0, 0, 0, 0, 0, 0, 0, 0, 1, 0],
 [0, 0, 0, 0, 1, 0, 0, 0, 0, 1, 0, 0, 0, 0, 1, 0, 0, 0, 0],
 [0, 0, 0, 0, 0, 1, 0, 0, 0, 0, 1, 0, 0, 1, 0, 1, 0, 0, 0],
 [0, 0, 1, 0, 0, 0, 0, 0, 0, 0, 0, 0, 0, 0, 0, 0, 0, 0, 0]
]

--- Distance (km) ---
[
 [0.0, 5.88, 5.88, 0.0, 0.0, 0.0, 0.0, 0.0, 0.0, 0.0, 0.0, 0.0, 0.0, 0.0, 0.0, 0.0, 0.0, 0.0, 0.0],
 [5.88, 0.0, 4.85, 0.0, 0.0, 0.0, 0.0, 0.0, 5.08, 0.0, 0.0, 5.77, 0.0, 0.0, 0.0, 0.0, 0.0, 0.0, 0.0],
 [5.88, 4.85, 0.0, 0.0, 7.61, 0.0, 0.0, 0.0, 3.44, 3.22, 0.0, 0.0, 0.0, 0.0, 0.0, 0.0, 0.0, 0.0, 5.88],
 [0.0, 0.0, 0.0, 0.0, 0.0, 0.0, 7.95, 4.05, 0.0, 0.0, 0.0, 0.0, 5.46, 0.0, 0.0, 0.0, 0.0, 0.0, 0.0],
 [0.0, 0.0, 7.61, 0.0, 0.0, 0.0, 0.0, 4.5, 0.0, 0.0, 0.0, 6.55, 0.0, 0.0, 6.97, 0.0, 3.61, 0.0, 0.0],
 [0.0, 0.0, 0.0, 0.0, 0.0, 0.0, 0.0, 0.0, 0.0, 0.0, 7.8, 0.0, 0.0, 4.47, 0.0, 7.66, 0.0, 5.97, 0.0],
 [0.0, 0.0, 0.0, 7.95, 0.0, 0.0, 0.0, 0.0, 0.0, 0.0, 0.0, 0.0, 6.15, 0.0, 0.0, 7.24, 0.0, 0.0, 0.0],
 [0.0, 0.0, 0.0, 4.05, 4.5, 0.0, 0.0, 0.0, 0.0, 0.0, 0.0, 0.0, 0.0, 0.0, 6.31, 0.0, 0.0, 0.0, 0.0],
 [0.0, 5.08, 3.44, 0.0, 0.0, 0.0, 0.0, 0.0, 0.0, 0.0, 0.0, 6.94, 0.0, 0.0, 0.0, 0.0, 0.0, 0.0, 0.0],
 [0.0, 0.0, 3.22, 0.0, 0.0, 0.0, 0.0, 0.0, 0.0, 0.0, 0.0, 0.0, 0.0, 0.0, 0.0, 0.0, 4.48, 0.0, 0.0],
 [0.0, 0.0, 0.0, 0.0, 0.0, 7.8, 0.0, 0.0, 0.0, 0.0, 0.0, 7.0, 0.0, 0.0, 0.0, 0.0, 0.0, 3.41, 0.0],
 [0.0, 5.77, 0.0, 0.0, 6.55, 0.0, 0.0, 0.0, 6.94, 0.0, 7.0, 0.0, 0.0, 0.0, 3.15, 0.0, 0.0, 0.0, 0.0],
 [0.0, 0.0, 0.0, 5.46, 0.0, 0.0, 6.15, 0.0, 0.0, 0.0, 0.0, 0.0, 0.0, 0.0, 0.0, 0.0, 0.0, 0.0, 0.0],
 [0.0, 0.0, 0.0, 0.0, 0.0, 4.47, 0.0, 0.0, 0.0, 0.0, 0.0, 0.0, 0.0, 0.0, 0.0, 0.0, 0.0, 4.63, 0.0],
 [0.0, 0.0, 0.0, 0.0, 6.97, 0.0, 0.0, 6.31, 0.0, 0.0, 0.0, 3.15, 0.0, 0.0, 0.0, 0.0, 3.3, 0.0, 0.0],
 [0.0, 0.0, 0.0, 0.0, 0.0, 7.66, 7.24, 0.0, 0.0, 0.0, 0.0, 0.0, 0.0, 0.0, 0.0, 0.0, 0.0, 5.52, 0.0],
 [0.0, 0.0, 0.0, 0.0, 3.61, 0.0, 0.0, 0.0, 0.0, 4.48, 0.0, 0.0, 0.0, 0.0, 3.3, 0.0, 0.0, 0.0, 0.0],
 [0.0, 0.0, 0.0, 0.0, 0.0, 5.97, 0.0, 0.0, 0.0, 0.0, 3.41, 0.0, 0.0, 4.63, 0.0, 5.52, 0.0, 0.0, 0.0],
 [0.0, 0.0, 5.88, 0.0, 0.0, 0.0, 0.0, 0.0, 0.0, 0.0, 0.0, 0.0, 0.0, 0.0, 0.0, 0.0, 0.0, 0.0, 0.0]
]

--- TrafficFactor ---
[
 [0.0, 0.68, 0.68, 0.0, 0.0, 0.0, 0.0, 0.0, 0.0, 0.0, 0.0, 0.0, 0.0, 0.0, 0.0, 0.0, 0.0, 0.0, 0.0],
 [0.68, 0.0, 0.74, 0.0, 0.0, 0.0, 0.0, 0.0, 0.97, 0.0, 0.0, 0.66, 0.0, 0.0, 0.0, 0.0, 0.0, 0.0, 0.0],
 [0.68, 0.74, 0.0, 0.0, 0.63, 0.0, 0.0, 0.0, 1.0, 0.76, 0.0, 0.0, 0.0, 0.0, 0.0, 0.0, 0.0, 0.0, 0.68],
 [0.0, 0.0, 0.0, 0.0, 0.0, 0.0, 0.87, 0.78, 0.0, 0.0, 0.0, 0.0, 0.78, 0.0, 0.0, 0.0, 0.0, 0.0, 0.0],
 [0.0, 0.0, 0.63, 0.0, 0.0, 0.0, 0.0, 0.89, 0.0, 0.0, 0.0, 0.63, 0.0, 0.0, 0.64, 0.0, 0.74, 0.0, 0.0],
 [0.0, 0.0, 0.0, 0.0, 0.0, 0.0, 0.0, 0.0, 0.0, 0.0, 0.68, 0.0, 0.0, 0.71, 0.0, 0.82, 0.0, 0.87, 0.0],
 [0.0, 0.0, 0.0, 0.87, 0.0, 0.0, 0.0, 0.0, 0.0, 0.0, 0.0, 0.0, 0.92, 0.0, 0.0, 0.97, 0.0, 0.0, 0.0],
 [0.0, 0.0, 0.0, 0.78, 0.89, 0.0, 0.0, 0.0, 0.0, 0.0, 0.0, 0.0, 0.0, 0.0, 0.76, 0.0, 0.0, 0.0, 0.0],
 [0.0, 0.97, 1.0, 0.0, 0.0, 0.0, 0.0, 0.0, 0.0, 0.0, 0.0, 0.78, 0.0, 0.0, 0.0, 0.0, 0.0, 0.0, 0.0],
 [0.0, 0.0, 0.76, 0.0, 0.0, 0.0, 0.0, 0.0, 0.0, 0.0, 0.0, 0.0, 0.0, 0.0, 0.0, 0.0, 0.84, 0.0, 0.0],
 [0.0, 0.0, 0.0, 0.0, 0.0, 0.68, 0.0, 0.0, 0.0, 0.0, 0.0, 0.76, 0.0, 0.0, 0.0, 0.0, 0.0, 0.75, 0.0],
 [0.0, 0.66, 0.0, 0.0, 0.63, 0.0, 0.0, 0.0, 0.78, 0.0, 0.76, 0.0, 0.0, 0.0, 0.69, 0.0, 0.0, 0.0, 0.0],
 [0.0, 0.0, 0.0, 0.78, 0.0, 0.0, 0.92, 0.0, 0.0, 0.0, 0.0, 0.0, 0.0, 0.0, 0.0, 0.0, 0.0, 0.0, 0.0],
 [0.0, 0.0, 0.0, 0.0, 0.0, 0.71, 0.0, 0.0, 0.0, 0.0, 0.0, 0.0, 0.0, 0.0, 0.0, 0.0, 0.0, 0.81, 0.0],
 [0.0, 0.0, 0.0, 0.0, 0.64, 0.0, 0.0, 0.76, 0.0, 0.0, 0.0, 0.69, 0.0, 0.0, 0.0, 0.0, 0.68, 0.0, 0.0],
 [0.0, 0.0, 0.0, 0.0, 0.0, 0.82, 0.97, 0.0, 0.0, 0.0, 0.0, 0.0, 0.0, 0.0, 0.0, 0.0, 0.0, 0.98, 0.0],
 [0.0, 0.0, 0.0, 0.0, 0.74, 0.0, 0.0, 0.0, 0.0, 0.84, 0.0, 0.0, 0.0, 0.0, 0.68, 0.0, 0.0, 0.0, 0.0],
 [0.0, 0.0, 0.0, 0.0, 0.0, 0.87, 0.0, 0.0, 0.0, 0.0, 0.75, 0.0, 0.0, 0.81, 0.0, 0.98, 0.0, 0.0, 0.0],
 [0.0, 0.0, 0.68, 0.0, 0.0, 0.0, 0.0, 0.0, 0.0, 0.0, 0.0, 0.0, 0.0, 0.0, 0.0, 0.0, 0.0, 0.0, 0.0]
]

--- Travel Time T (minutes) ---
[
 [0.0, 10.38, 10.38, 0.0, 0.0, 0.0, 0.0, 0.0, 0.0, 0.0, 0.0, 0.0, 0.0, 0.0, 0.0, 0.0, 0.0, 0.0, 0.0],
 [10.38, 0.0, 7.86, 0.0, 0.0, 0.0, 0.0, 0.0, 6.28, 0.0, 0.0, 10.49, 0.0, 0.0, 0.0, 0.0, 0.0, 0.0, 0.0],
 [10.38, 7.86, 0.0, 0.0, 14.5, 0.0, 0.0, 0.0, 4.13, 5.08, 0.0, 0.0, 0.0, 0.0, 0.0, 0.0, 0.0, 0.0, 10.38],
 [0.0, 0.0, 0.0, 0.0, 0.0, 0.0, 10.97, 6.23, 0.0, 0.0, 0.0, 0.0, 8.4, 0.0, 0.0, 0.0, 0.0, 0.0, 0.0],
 [0.0, 0.0, 14.5, 0.0, 0.0, 0.0, 0.0, 6.07, 0.0, 0.0, 0.0, 12.48, 0.0, 0.0, 13.07, 0.0, 5.85, 0.0, 0.0],
 [0.0, 0.0, 0.0, 0.0, 0.0, 0.0, 0.0, 0.0, 0.0, 0.0, 13.76, 0.0, 0.0, 7.55, 0.0, 11.21, 0.0, 8.23, 0.0],
 [0.0, 0.0, 0.0, 10.97, 0.0, 0.0, 0.0, 0.0, 0.0, 0.0, 0.0, 0.0, 8.02, 0.0, 0.0, 8.96, 0.0, 0.0, 0.0],
 [0.0, 0.0, 0.0, 6.23, 6.07, 0.0, 0.0, 0.0, 0.0, 0.0, 0.0, 0.0, 0.0, 0.0, 9.96, 0.0, 0.0, 0.0, 0.0],
 [0.0, 6.28, 4.13, 0.0, 0.0, 0.0, 0.0, 0.0, 0.0, 0.0, 0.0, 10.68, 0.0, 0.0, 0.0, 0.0, 0.0, 0.0, 0.0],
 [0.0, 0.0, 5.08, 0.0, 0.0, 0.0, 0.0, 0.0, 0.0, 0.0, 0.0, 0.0, 0.0, 0.0, 0.0, 0.0, 6.4, 0.0, 0.0],
 [0.0, 0.0, 0.0, 0.0, 0.0, 13.76, 0.0, 0.0, 0.0, 0.0, 0.0, 11.05, 0.0, 0.0, 0.0, 0.0, 0.0, 5.46, 0.0],
 [0.0, 10.49, 0.0, 0.0, 12.48, 0.0, 0.0, 0.0, 10.68, 0.0, 11.05, 0.0, 0.0, 0.0, 5.48, 0.0, 0.0, 0.0, 0.0],
 [0.0, 0.0, 0.0, 8.4, 0.0, 0.0, 8.02, 0.0, 0.0, 0.0, 0.0, 0.0, 0.0, 0.0, 0.0, 0.0, 0.0, 0.0, 0.0],
 [0.0, 0.0, 0.0, 0.0, 0.0, 7.55, 0.0, 0.0, 0.0, 0.0, 0.0, 0.0, 0.0, 0.0, 0.0, 0.0, 0.0, 6.86, 0.0],
 [0.0, 0.0, 0.0, 0.0, 13.07, 0.0, 0.0, 9.96, 0.0, 0.0, 0.0, 5.48, 0.0, 0.0, 0.0, 0.0, 5.82, 0.0, 0.0],
 [0.0, 0.0, 0.0, 0.0, 0.0, 11.21, 8.96, 0.0, 0.0, 0.0, 0.0, 0.0, 0.0, 0.0, 0.0, 0.0, 0.0, 6.76, 0.0],
 [0.0, 0.0, 0.0, 0.0, 5.85, 0.0, 0.0, 0.0, 0.0, 6.4, 0.0, 0.0, 0.0, 0.0, 5.82, 0.0, 0.0, 0.0, 0.0],
 [0.0, 0.0, 0.0, 0.0, 0.0, 8.23, 0.0, 0.0, 0.0, 0.0, 5.46, 0.0, 0.0, 6.86, 0.0, 6.76, 0.0, 0.0, 0.0],
 [0.0, 0.0, 10.38, 0.0, 0.0, 0.0, 0.0, 0.0, 0.0, 0.0, 0.0, 0.0, 0.0, 0.0, 0.0, 0.0, 0.0, 0.0, 0.0]
]

--- Energy Drop (Edrop) - with load ---
[
 [0.0, 0.68, 0.68, 0.0, 0.0, 0.0, 0.0, 0.0, 0.0, 0.0, 0.0, 0.0, 0.0, 0.0, 0.0, 0.0, 0.0, 0.0, 0.0],
 [0.68, 0.0, 0.57, 0.0, 0.0, 0.0, 0.0, 0.0, 0.64, 0.0, 0.0, 0.66, 0.0, 0.0, 0.0, 0.0, 0.0, 0.0, 0.0],
 [0.68, 0.57, 0.0, 0.0, 0.87, 0.0, 0.0, 0.0, 0.91, 0.38, 0.0, 0.0, 0.0, 0.0, 0.0, 0.0, 0.0, 0.0, 0.68],
 [0.0, 0.0, 0.0, 0.0, 0.0, 0.0, 0.97, 0.48, 0.0, 0.0, 0.0, 0.0, 0.65, 0.0, 0.0, 0.0, 0.0, 0.0, 0.0],
 [0.0, 0.0, 0.87, 0.0, 0.0, 0.0, 0.0, 0.56, 0.0, 0.0, 0.0, 0.75, 0.0, 0.0, 0.8, 0.0, 0.42, 0.0, 0.0],
 [0.0, 0.0, 0.0, 0.0, 0.0, 0.0, 0.0, 0.0, 0.0, 0.0, 0.9, 0.0, 0.0, 0.52, 0.0, 0.92, 0.0, 0.73, 0.0],
 [0.0, 0.0, 0.0, 0.97, 0.0, 0.0, 0.0, 0.0, 0.0, 0.0, 0.0, 0.0, 0.77, 0.0, 0.0, 0.92, 0.0, 0.0, 0.0],
 [0.0, 0.0, 0.0, 0.48, 0.56, 0.0, 0.0, 0.0, 0.0, 0.0, 0.0, 0.0, 0.0, 0.0, 0.75, 0.0, 0.0, 0.0, 0.0],
 [0.0, 0.64, 0.91, 0.0, 0.0, 0.0, 0.0, 0.0, 0.0, 0.0, 0.0, 0.83, 0.0, 0.0, 0.0, 0.0, 0.0, 0.0, 0.0],
 [0.0, 0.0, 0.38, 0.0, 0.0, 0.0, 0.0, 0.0, 0.0, 0.0, 0.0, 0.0, 0.0, 0.0, 0.0, 0.0, 0.54, 0.0, 0.0],
 [0.0, 0.0, 0.0, 0.0, 0.0, 0.9, 0.0, 0.0, 0.0, 0.0, 0.0, 0.83, 0.0, 0.0, 0.0, 0.0, 0.0, 0.4, 0.0],
 [0.0, 0.66, 0.0, 0.0, 0.75, 0.0, 0.0, 0.0, 0.83, 0.0, 0.83, 0.0, 0.0, 0.0, 0.36, 0.0, 0.0, 0.0, 0.0],
 [0.0, 0.0, 0.0, 0.65, 0.0, 0.0, 0.77, 0.0, 0.0, 0.0, 0.0, 0.0, 0.0, 0.0, 0.0, 0.0, 0.0, 0.0, 0.0],
 [0.0, 0.0, 0.0, 0.0, 0.0, 0.52, 0.0, 0.0, 0.0, 0.0, 0.0, 0.0, 0.0, 0.0, 0.0, 0.0, 0.0, 0.56, 0.0],
 [0.0, 0.0, 0.0, 0.0, 0.8, 0.0, 0.0, 0.75, 0.0, 0.0, 0.0, 0.36, 0.0, 0.0, 0.0, 0.0, 0.38, 0.0, 0.0],
 [0.0, 0.0, 0.0, 0.0, 0.0, 0.92, 0.92, 0.0, 0.0, 0.0, 0.0, 0.0, 0.0, 0.0, 0.0, 0.0, 0.0, 0.7, 0.0],
 [0.0, 0.0, 0.0, 0.0, 0.42, 0.0, 0.0, 0.0, 0.0, 0.54, 0.0, 0.0, 0.0, 0.0, 0.38, 0.0, 0.0, 0.0, 0.0],
 [0.0, 0.0, 0.0, 0.0, 0.0, 0.73, 0.0, 0.0, 0.0, 0.0, 0.4, 0.0, 0.0, 0.56, 0.0, 0.7, 0.0, 0.0, 0.0],
 [0.0, 0.0, 0.68, 0.0, 0.0, 0.0, 0.0, 0.0, 0.0, 0.0, 0.0, 0.0, 0.0, 0.0, 0.0, 0.0, 0.0, 0.0, 0.0]
]

--- Energy Box (Ebox) - without load ---
[
 [0.0, 0.07, 0.07, 0.0, 0.0, 0.0, 0.0, 0.0, 0.0, 0.0, 0.0, 0.0, 0.0, 0.0, 0.0, 0.0, 0.0, 0.0, 0.0],
 [0.07, 0.0, 0.07, 0.0, 0.0, 0.0, 0.0, 0.0, 0.12, 0.0, 0.0, 0.06, 0.0, 0.0, 0.0, 0.0, 0.0, 0.0, 0.0],
 [0.07, 0.07, 0.0, 0.0, 0.08, 0.0, 0.0, 0.0, 0.11, 0.05, 0.0, 0.0, 0.0, 0.0, 0.0, 0.0, 0.0, 0.0, 0.07],
 [0.0, 0.0, 0.0, 0.0, 0.0, 0.0, 0.15, 0.06, 0.0, 0.0, 0.0, 0.0, 0.08, 0.0, 0.0, 0.0, 0.0, 0.0, 0.0],
 [0.0, 0.0, 0.08, 0.0, 0.0, 0.0, 0.0, 0.09, 0.0, 0.0, 0.0, 0.07, 0.0, 0.0, 0.07, 0.0, 0.05, 0.0, 0.0],
 [0.0, 0.0, 0.0, 0.0, 0.0, 0.0, 0.0, 0.0, 0.0, 0.0, 0.09, 0.0, 0.0, 0.06, 0.0, 0.13, 0.0, 0.11, 0.0],
 [0.0, 0.0, 0.0, 0.15, 0.0, 0.0, 0.0, 0.0, 0.0, 0.0, 0.0, 0.0, 0.13, 0.0, 0.0, 0.17, 0.0, 0.0, 0.0],
 [0.0, 0.0, 0.0, 0.06, 0.09, 0.0, 0.0, 0.0, 0.0, 0.0, 0.0, 0.0, 0.0, 0.0, 0.09, 0.0, 0.0, 0.0, 0.0],
 [0.0, 0.12, 0.11, 0.0, 0.0, 0.0, 0.0, 0.0, 0.0, 0.0, 0.0, 0.1, 0.0, 0.0, 0.0, 0.0, 0.0, 0.0, 0.0],
 [0.0, 0.0, 0.05, 0.0, 0.0, 0.0, 0.0, 0.0, 0.0, 0.0, 0.0, 0.0, 0.0, 0.0, 0.0, 0.0, 0.08, 0.0, 0.0],
 [0.0, 0.0, 0.0, 0.0, 0.0, 0.09, 0.0, 0.0, 0.0, 0.0, 0.0, 0.1, 0.0, 0.0, 0.0, 0.0, 0.0, 0.05, 0.0],
 [0.0, 0.06, 0.0, 0.0, 0.07, 0.0, 0.0, 0.0, 0.1, 0.0, 0.1, 0.0, 0.0, 0.0, 0.04, 0.0, 0.0, 0.0, 0.0],
 [0.0, 0.0, 0.0, 0.08, 0.0, 0.0, 0.13, 0.0, 0.0, 0.0, 0.0, 0.0, 0.0, 0.0, 0.0, 0.0, 0.0, 0.0, 0.0],
 [0.0, 0.0, 0.0, 0.0, 0.0, 0.06, 0.0, 0.0, 0.0, 0.0, 0.0, 0.0, 0.0, 0.0, 0.0, 0.0, 0.0, 0.08, 0.0],
 [0.0, 0.0, 0.0, 0.0, 0.07, 0.0, 0.0, 0.09, 0.0, 0.0, 0.0, 0.04, 0.0, 0.0, 0.0, 0.0, 0.04, 0.0, 0.0],
 [0.0, 0.0, 0.0, 0.0, 0.0, 0.13, 0.17, 0.0, 0.0, 0.0, 0.0, 0.0, 0.0, 0.0, 0.0, 0.0, 0.0, 0.13, 0.0],
 [0.0, 0.0, 0.0, 0.0, 0.05, 0.0, 0.0, 0.0, 0.0, 0.08, 0.0, 0.0, 0.0, 0.0, 0.04, 0.0, 0.0, 0.0, 0.0],
 [0.0, 0.0, 0.0, 0.0, 0.0, 0.11, 0.0, 0.0, 0.0, 0.0, 0.05, 0.0, 0.0, 0.08, 0.0, 0.13, 0.0, 0.0, 0.0],
 [0.0, 0.0, 0.07, 0.0, 0.0, 0.0, 0.0, 0.0, 0.0, 0.0, 0.0, 0.0, 0.0, 0.0, 0.0, 0.0, 0.0, 0.0, 0.0]
]
