=== GA INPUT ===
{
  "nodes": {
    "D": {
      "type": "depot"
    },
    "1": {
      "type": "intersection"
    },
    "2": {
      "type": "intersection"
    },
    "C1": {
      "type": "customer"
    },
    "C2": {
      "type": "customer"
    },
    "BSS1": {
      "type": "bss"
    },
    "C3": {
      "type": "customer"
    },
    "BSS2": {
      "type": "bss"
    },
    "3": {
      "type": "intersection"
    },
    "C4": {
      "type": "customer"
    },
    "C5": {
      "type": "customer"
    },
    "4": {
      "type": "intersection"
    },
    "5": {
      "type": "intersection"
    },
    "BSS3": {
      "type": "bss"
    },
    "C6": {
      "type": "customer"
    },
    "6": {
      "type": "intersection"
    }
  },
  "edges": [
    {
      "from": "D",
      "to": "1",
      "distance": 4.28,
      "traffic_factor": 0.68
    },
    {
      "from": "D",
      "to": "2",
      "distance": 4.28,
      "traffic_factor": 0.68
    },
    {
      "from": "1",
      "to": "2",
      "distance": 7.82,
      "traffic_factor": 0.81
    },
    {
      "from": "1",
      "to": "BSS1",
      "distance": 7.84,
      "traffic_factor": 0.83
    },
    {
      "from": "1",
      "to": "C4",
      "distance": 6.22,
      "traffic_factor": 1.0
    },
    {
      "from": "1",
      "to": "C5",
      "distance": 3.65,
      "traffic_factor": 1.0
    },
    {
      "from": "2",
      "to": "C5",
      "distance": 3.72,
      "traffic_factor": 0.94
    },
    {
      "from": "C1",
      "to": "C2",
      "distance": 4.9,
      "traffic_factor": 0.81
    },
    {
      "from": "C1",
      "to": "3",
      "distance": 6.71,
      "traffic_factor": 0.62
    },
    {
      "from": "C1",
      "to": "4",
      "distance": 4.62,
      "traffic_factor": 0.66
    },
    {
      "from": "C1",
      "to": "BSS3",
      "distance": 7.15,
      "traffic_factor": 0.68
    },
    {
      "from": "C2",
      "to": "C3",
      "distance": 6.06,
      "traffic_factor": 0.72
    },
    {
      "from": "C2",
      "to": "4",
      "distance": 4.4,
      "traffic_factor": 0.79
    },
    {
      "from": "C2",
      "to": "BSS3",
      "distance": 5.23,
      "traffic_factor": 0.82
    },
    {
      "from": "C2",
      "to": "6",
      "distance": 6.82,
      "traffic_factor": 0.74
    },
    {
      "from": "BSS1",
      "to": "C4",
      "distance": 7.76,
      "traffic_factor": 0.76
    },
    {
      "from": "BSS1",
      "to": "5",
      "distance": 7.35,
      "traffic_factor": 0.71
    },
    {
      "from": "C3",
      "to": "BSS2",
      "distance": 5.93,
      "traffic_factor": 0.73
    },
    {
      "from": "C3",
      "to": "5",
      "distance": 3.52,
      "traffic_factor": 0.69
    },
    {
      "from": "C3",
      "to": "C6",
      "distance": 3.3,
      "traffic_factor": 0.81
    },
    {
      "from": "BSS2",
      "to": "5",
      "distance": 7.5,
      "traffic_factor": 0.85
    },
    {
      "from": "BSS2",
      "to": "C6",
      "distance": 6.43,
      "traffic_factor": 0.75
    },
    {
      "from": "3",
      "to": "C5",
      "distance": 4.04,
      "traffic_factor": 0.93
    },
    {
      "from": "3",
      "to": "4",
      "distance": 5.58,
      "traffic_factor": 0.78
    },
    {
      "from": "3",
      "to": "BSS3",
      "distance": 4.34,
      "traffic_factor": 0.75
    },
    {
      "from": "3",
      "to": "6",
      "distance": 4.83,
      "traffic_factor": 0.94
    },
    {
      "from": "C5",
      "to": "6",
      "distance": 6.16,
      "traffic_factor": 0.9
    },
    {
      "from": "4",
      "to": "BSS3",
      "distance": 3.27,
      "traffic_factor": 0.88
    },
    {
      "from": "4",
      "to": "6",
      "distance": 4.75,
      "traffic_factor": 0.75
    },
    {
      "from": "5",
      "to": "C6",
      "distance": 5.28,
      "traffic_factor": 0.69
    }
  ]
}

=== ORDER OF NODES ===
['D', '1', '2', 'C1', 'C2', 'BSS1', 'C3', 'BSS2', '3', 'C4', 'C5', '4', '5', 'BSS3', 'C6', '6']

=== CPLEX MATRICES ===

Station = [0, 0, 0, 0, 0, 1, 0, 1, 0, 0, 0, 0, 0, 1, 0, 0, 0]
Costumer = [0, 0, 0, 1, 1, 0, 1, 0, 0, 1, 1, 0, 0, 0, 1, 0, 0]

--- Adjacency (0/1) ---
[
 [0, 1, 1, 0, 0, 0, 0, 0, 0, 0, 0, 0, 0, 0, 0, 0, 0],
 [1, 0, 1, 0, 0, 1, 0, 0, 0, 1, 1, 0, 0, 0, 0, 0, 0],
 [1, 1, 0, 0, 0, 0, 0, 0, 0, 0, 1, 0, 0, 0, 0, 0, 1],
 [0, 0, 0, 0, 1, 0, 0, 0, 1, 0, 0, 1, 0, 1, 0, 0, 0],
 [0, 0, 0, 1, 0, 0, 1, 0, 0, 0, 0, 1, 0, 1, 0, 1, 0],
 [0, 1, 0, 0, 0, 0, 0, 0, 0, 1, 0, 0, 1, 0, 0, 0, 0],
 [0, 0, 0, 0, 1, 0, 0, 1, 0, 0, 0, 0, 1, 0, 1, 0, 0],
 [0, 0, 0, 0, 0, 0, 1, 0, 0, 0, 0, 0, 1, 0, 1, 0, 0],
 [0, 0, 0, 1, 0, 0, 0, 0, 0, 0, 1, 1, 0, 1, 0, 1, 0],
 [0, 1, 0, 0, 0, 1, 0, 0, 0, 0, 0, 0, 0, 0, 0, 0, 0],
 [0, 1, 1, 0, 0, 0, 0, 0, 1, 0, 0, 0, 0, 0, 0, 1, 0],
 [0, 0, 0, 1, 1, 0, 0, 0, 1, 0, 0, 0, 0, 1, 0, 1, 0],
 [0, 0, 0, 0, 0, 1, 1, 1, 0, 0, 0, 0, 0, 0, 1, 0, 0],
 [0, 0, 0, 1, 1, 0, 0, 0, 1, 0, 0, 1, 0, 0, 0, 0, 0],
 [0, 0, 0, 0, 0, 0, 1, 1, 0, 0, 0, 0, 1, 0, 0, 0, 0],
 [0, 0, 0, 0, 1, 0, 0, 0, 1, 0, 1, 1, 0, 0, 0, 0, 0],
 [0, 0, 1, 0, 0, 0, 0, 0, 0, 0, 0, 0, 0, 0, 0, 0, 0]
]

--- Distance (km) ---
[
 [0.0, 4.28, 4.28, 0.0, 0.0, 0.0, 0.0, 0.0, 0.0, 0.0, 0.0, 0.0, 0.0, 0.0, 0.0, 0.0, 0.0],
 [4.28, 0.0, 7.82, 0.0, 0.0, 7.84, 0.0, 0.0, 0.0, 6.22, 3.65, 0.0, 0.0, 0.0, 0.0, 0.0, 0.0],
 [4.28, 7.82, 0.0, 0.0, 0.0, 0.0, 0.0, 0.0, 0.0, 0.0, 3.72, 0.0, 0.0, 0.0, 0.0, 0.0, 4.28],
 [0.0, 0.0, 0.0, 0.0, 4.9, 0.0, 0.0, 0.0, 6.71, 0.0, 0.0, 4.62, 0.0, 7.15, 0.0, 0.0, 0.0],
 [0.0, 0.0, 0.0, 4.9, 0.0, 0.0, 6.06, 0.0, 0.0, 0.0, 0.0, 4.4, 0.0, 5.23, 0.0, 6.82, 0.0],
 [0.0, 7.84, 0.0, 0.0, 0.0, 0.0, 0.0, 0.0, 0.0, 7.76, 0.0, 0.0, 7.35, 0.0, 0.0, 0.0, 0.0],
 [0.0, 0.0, 0.0, 0.0, 6.06, 0.0, 0.0, 5.93, 0.0, 0.0, 0.0, 0.0, 3.52, 0.0, 3.3, 0.0, 0.0],
 [0.0, 0.0, 0.0, 0.0, 0.0, 0.0, 5.93, 0.0, 0.0, 0.0, 0.0, 0.0, 7.5, 0.0, 6.43, 0.0, 0.0],
 [0.0, 0.0, 0.0, 6.71, 0.0, 0.0, 0.0, 0.0, 0.0, 0.0, 4.04, 5.58, 0.0, 4.34, 0.0, 4.83, 0.0],
 [0.0, 6.22, 0.0, 0.0, 0.0, 7.76, 0.0, 0.0, 0.0, 0.0, 0.0, 0.0, 0.0, 0.0, 0.0, 0.0, 0.0],
 [0.0, 3.65, 3.72, 0.0, 0.0, 0.0, 0.0, 0.0, 4.04, 0.0, 0.0, 0.0, 0.0, 0.0, 0.0, 6.16, 0.0],
 [0.0, 0.0, 0.0, 4.62, 4.4, 0.0, 0.0, 0.0, 5.58, 0.0, 0.0, 0.0, 0.0, 3.27, 0.0, 4.75, 0.0],
 [0.0, 0.0, 0.0, 0.0, 0.0, 7.35, 3.52, 7.5, 0.0, 0.0, 0.0, 0.0, 0.0, 0.0, 5.28, 0.0, 0.0],
 [0.0, 0.0, 0.0, 7.15, 5.23, 0.0, 0.0, 0.0, 4.34, 0.0, 0.0, 3.27, 0.0, 0.0, 0.0, 0.0, 0.0],
 [0.0, 0.0, 0.0, 0.0, 0.0, 0.0, 3.3, 6.43, 0.0, 0.0, 0.0, 0.0, 5.28, 0.0, 0.0, 0.0, 0.0],
 [0.0, 0.0, 0.0, 0.0, 6.82, 0.0, 0.0, 0.0, 4.83, 0.0, 6.16, 4.75, 0.0, 0.0, 0.0, 0.0, 0.0],
 [0.0, 0.0, 4.28, 0.0, 0.0, 0.0, 0.0, 0.0, 0.0, 0.0, 0.0, 0.0, 0.0, 0.0, 0.0, 0.0, 0.0]
]

--- TrafficFactor ---
[
 [0.0, 0.68, 0.68, 0.0, 0.0, 0.0, 0.0, 0.0, 0.0, 0.0, 0.0, 0.0, 0.0, 0.0, 0.0, 0.0, 0.0],
 [0.68, 0.0, 0.81, 0.0, 0.0, 0.83, 0.0, 0.0, 0.0, 1.0, 1.0, 0.0, 0.0, 0.0, 0.0, 0.0, 0.0],
 [0.68, 0.81, 0.0, 0.0, 0.0, 0.0, 0.0, 0.0, 0.0, 0.0, 0.94, 0.0, 0.0, 0.0, 0.0, 0.0, 0.68],
 [0.0, 0.0, 0.0, 0.0, 0.81, 0.0, 0.0, 0.0, 0.62, 0.0, 0.0, 0.66, 0.0, 0.68, 0.0, 0.0, 0.0],
 [0.0, 0.0, 0.0, 0.81, 0.0, 0.0, 0.72, 0.0, 0.0, 0.0, 0.0, 0.79, 0.0, 0.82, 0.0, 0.74, 0.0],
 [0.0, 0.83, 0.0, 0.0, 0.0, 0.0, 0.0, 0.0, 0.0, 0.76, 0.0, 0.0, 0.71, 0.0, 0.0, 0.0, 0.0],
 [0.0, 0.0, 0.0, 0.0, 0.72, 0.0, 0.0, 0.73, 0.0, 0.0, 0.0, 0.0, 0.69, 0.0, 0.81, 0.0, 0.0],
 [0.0, 0.0, 0.0, 0.0, 0.0, 0.0, 0.73, 0.0, 0.0, 0.0, 0.0, 0.0, 0.85, 0.0, 0.75, 0.0, 0.0],
 [0.0, 0.0, 0.0, 0.62, 0.0, 0.0, 0.0, 0.0, 0.0, 0.0, 0.93, 0.78, 0.0, 0.75, 0.0, 0.94, 0.0],
 [0.0, 1.0, 0.0, 0.0, 0.0, 0.76, 0.0, 0.0, 0.0, 0.0, 0.0, 0.0, 0.0, 0.0, 0.0, 0.0, 0.0],
 [0.0, 1.0, 0.94, 0.0, 0.0, 0.0, 0.0, 0.0, 0.93, 0.0, 0.0, 0.0, 0.0, 0.0, 0.0, 0.9, 0.0],
 [0.0, 0.0, 0.0, 0.66, 0.79, 0.0, 0.0, 0.0, 0.78, 0.0, 0.0, 0.0, 0.0, 0.88, 0.0, 0.75, 0.0],
 [0.0, 0.0, 0.0, 0.0, 0.0, 0.71, 0.69, 0.85, 0.0, 0.0, 0.0, 0.0, 0.0, 0.0, 0.69, 0.0, 0.0],
 [0.0, 0.0, 0.0, 0.68, 0.82, 0.0, 0.0, 0.0, 0.75, 0.0, 0.0, 0.88, 0.0, 0.0, 0.0, 0.0, 0.0],
 [0.0, 0.0, 0.0, 0.0, 0.0, 0.0, 0.81, 0.75, 0.0, 0.0, 0.0, 0.0, 0.69, 0.0, 0.0, 0.0, 0.0],
 [0.0, 0.0, 0.0, 0.0, 0.74, 0.0, 0.0, 0.0, 0.94, 0.0, 0.9, 0.75, 0.0, 0.0, 0.0, 0.0, 0.0],
 [0.0, 0.0, 0.68, 0.0, 0.0, 0.0, 0.0, 0.0, 0.0, 0.0, 0.0, 0.0, 0.0, 0.0, 0.0, 0.0, 0.0]
]

--- Travel Time T (minutes) ---
[
 [0.0, 7.55, 7.55, 0.0, 0.0, 0.0, 0.0, 0.0, 0.0, 0.0, 0.0, 0.0, 0.0, 0.0, 0.0, 0.0, 0.0],
 [7.55, 0.0, 11.59, 0.0, 0.0, 11.33, 0.0, 0.0, 0.0, 7.46, 4.38, 0.0, 0.0, 0.0, 0.0, 0.0, 0.0],
 [7.55, 11.59, 0.0, 0.0, 0.0, 0.0, 0.0, 0.0, 0.0, 0.0, 4.75, 0.0, 0.0, 0.0, 0.0, 0.0, 7.55],
 [0.0, 0.0, 0.0, 0.0, 7.26, 0.0, 0.0, 0.0, 12.99, 0.0, 0.0, 8.4, 0.0, 12.62, 0.0, 0.0, 0.0],
 [0.0, 0.0, 0.0, 7.26, 0.0, 0.0, 10.1, 0.0, 0.0, 0.0, 0.0, 6.68, 0.0, 7.65, 0.0, 11.06, 0.0],
 [0.0, 11.33, 0.0, 0.0, 0.0, 0.0, 0.0, 0.0, 0.0, 12.25, 0.0, 0.0, 12.42, 0.0, 0.0, 0.0, 0.0],
 [0.0, 0.0, 0.0, 0.0, 10.1, 0.0, 0.0, 9.75, 0.0, 0.0, 0.0, 0.0, 6.12, 0.0, 4.89, 0.0, 0.0],
 [0.0, 0.0, 0.0, 0.0, 0.0, 0.0, 9.75, 0.0, 0.0, 0.0, 0.0, 0.0, 10.59, 0.0, 10.29, 0.0, 0.0],
 [0.0, 0.0, 0.0, 12.99, 0.0, 0.0, 0.0, 0.0, 0.0, 0.0, 5.21, 8.58, 0.0, 6.94, 0.0, 6.17, 0.0],
 [0.0, 7.46, 0.0, 0.0, 0.0, 12.25, 0.0, 0.0, 0.0, 0.0, 0.0, 0.0, 0.0, 0.0, 0.0, 0.0, 0.0],
 [0.0, 4.38, 4.75, 0.0, 0.0, 0.0, 0.0, 0.0, 5.21, 0.0, 0.0, 0.0, 0.0, 0.0, 0.0, 8.21, 0.0],
 [0.0, 0.0, 0.0, 8.4, 6.68, 0.0, 0.0, 0.0, 8.58, 0.0, 0.0, 0.0, 0.0, 4.46, 0.0, 7.6, 0.0],
 [0.0, 0.0, 0.0, 0.0, 0.0, 12.42, 6.12, 10.59, 0.0, 0.0, 0.0, 0.0, 0.0, 0.0, 9.18, 0.0, 0.0],
 [0.0, 0.0, 0.0, 12.62, 7.65, 0.0, 0.0, 0.0, 6.94, 0.0, 0.0, 4.46, 0.0, 0.0, 0.0, 0.0, 0.0],
 [0.0, 0.0, 0.0, 0.0, 0.0, 0.0, 4.89, 10.29, 0.0, 0.0, 0.0, 0.0, 9.18, 0.0, 0.0, 0.0, 0.0],
 [0.0, 0.0, 0.0, 0.0, 11.06, 0.0, 0.0, 0.0, 6.17, 0.0, 8.21, 7.6, 0.0, 0.0, 0.0, 0.0, 0.0],
 [0.0, 0.0, 7.55, 0.0, 0.0, 0.0, 0.0, 0.0, 0.0, 0.0, 0.0, 0.0, 0.0, 0.0, 0.0, 0.0, 0.0]
]

--- Energy Drop (Edrop) - with load ---
[
 [0.0, 0.49, 0.49, 0.0, 0.0, 0.0, 0.0, 0.0, 0.0, 0.0, 0.0, 0.0, 0.0, 0.0, 0.0, 0.0, 0.0],
 [0.49, 0.0, 0.94, 0.0, 0.0, 0.95, 0.0, 0.0, 0.0, 1.64, 0.96, 0.0, 0.0, 0.0, 0.0, 0.0, 0.0],
 [0.49, 0.94, 0.0, 0.0, 0.0, 0.0, 0.0, 0.0, 0.0, 0.0, 0.47, 0.0, 0.0, 0.0, 0.0, 0.0, 0.49],
 [0.0, 0.0, 0.0, 0.0, 0.59, 0.0, 0.0, 0.0, 0.76, 0.0, 0.0, 0.53, 0.0, 0.82, 0.0, 0.0, 0.0],
 [0.0, 0.0, 0.0, 0.59, 0.0, 0.0, 0.71, 0.0, 0.0, 0.0, 0.0, 0.52, 0.0, 0.63, 0.0, 0.8, 0.0],
 [0.0, 0.95, 0.0, 0.0, 0.0, 0.0, 0.0, 0.0, 0.0, 0.92, 0.0, 0.0, 0.86, 0.0, 0.0, 0.0, 0.0],
 [0.0, 0.0, 0.0, 0.0, 0.71, 0.0, 0.0, 0.69, 0.0, 0.0, 0.0, 0.0, 0.41, 0.0, 0.4, 0.0, 0.0],
 [0.0, 0.0, 0.0, 0.0, 0.0, 0.0, 0.69, 0.0, 0.0, 0.0, 0.0, 0.0, 0.91, 0.0, 0.76, 0.0, 0.0],
 [0.0, 0.0, 0.0, 0.76, 0.0, 0.0, 0.0, 0.0, 0.0, 0.0, 0.51, 0.66, 0.0, 0.51, 0.0, 0.61, 0.0],
 [0.0, 1.64, 0.0, 0.0, 0.0, 0.92, 0.0, 0.0, 0.0, 0.0, 0.0, 0.0, 0.0, 0.0, 0.0, 0.0, 0.0],
 [0.0, 0.96, 0.47, 0.0, 0.0, 0.0, 0.0, 0.0, 0.51, 0.0, 0.0, 0.0, 0.0, 0.0, 0.0, 0.76, 0.0],
 [0.0, 0.0, 0.0, 0.53, 0.52, 0.0, 0.0, 0.0, 0.66, 0.0, 0.0, 0.0, 0.0, 0.4, 0.0, 0.56, 0.0],
 [0.0, 0.0, 0.0, 0.0, 0.0, 0.86, 0.41, 0.91, 0.0, 0.0, 0.0, 0.0, 0.0, 0.0, 0.61, 0.0, 0.0],
 [0.0, 0.0, 0.0, 0.82, 0.63, 0.0, 0.0, 0.0, 0.51, 0.0, 0.0, 0.4, 0.0, 0.0, 0.0, 0.0, 0.0],
 [0.0, 0.0, 0.0, 0.0, 0.0, 0.0, 0.4, 0.76, 0.0, 0.0, 0.0, 0.0, 0.61, 0.0, 0.0, 0.0, 0.0],
 [0.0, 0.0, 0.0, 0.0, 0.8, 0.0, 0.0, 0.0, 0.61, 0.0, 0.76, 0.56, 0.0, 0.0, 0.0, 0.0, 0.0],
 [0.0, 0.0, 0.49, 0.0, 0.0, 0.0, 0.0, 0.0, 0.0, 0.0, 0.0, 0.0, 0.0, 0.0, 0.0, 0.0, 0.0]
]

--- Energy Box (Ebox) - without load ---
[
 [0.0, 0.05, 0.05, 0.0, 0.0, 0.0, 0.0, 0.0, 0.0, 0.0, 0.0, 0.0, 0.0, 0.0, 0.0, 0.0, 0.0],
 [0.05, 0.0, 0.13, 0.0, 0.0, 0.13, 0.0, 0.0, 0.0, 0.21, 0.12, 0.0, 0.0, 0.0, 0.0, 0.0, 0.0],
 [0.05, 0.13, 0.0, 0.0, 0.0, 0.0, 0.0, 0.0, 0.0, 0.0, 0.08, 0.0, 0.0, 0.0, 0.0, 0.0, 0.05],
 [0.0, 0.0, 0.0, 0.0, 0.08, 0.0, 0.0, 0.0, 0.06, 0.0, 0.0, 0.05, 0.0, 0.08, 0.0, 0.0, 0.0],
 [0.0, 0.0, 0.0, 0.08, 0.0, 0.0, 0.08, 0.0, 0.0, 0.0, 0.0, 0.07, 0.0, 0.09, 0.0, 0.09, 0.0],
 [0.0, 0.13, 0.0, 0.0, 0.0, 0.0, 0.0, 0.0, 0.0, 0.11, 0.0, 0.0, 0.09, 0.0, 0.0, 0.0, 0.0],
 [0.0, 0.0, 0.0, 0.0, 0.08, 0.0, 0.0, 0.08, 0.0, 0.0, 0.0, 0.0, 0.04, 0.0, 0.05, 0.0, 0.0],
 [0.0, 0.0, 0.0, 0.0, 0.0, 0.0, 0.08, 0.0, 0.0, 0.0, 0.0, 0.0, 0.13, 0.0, 0.09, 0.0, 0.0],
 [0.0, 0.0, 0.0, 0.06, 0.0, 0.0, 0.0, 0.0, 0.0, 0.0, 0.09, 0.08, 0.0, 0.06, 0.0, 0.11, 0.0],
 [0.0, 0.21, 0.0, 0.0, 0.0, 0.11, 0.0, 0.0, 0.0, 0.0, 0.0, 0.0, 0.0, 0.0, 0.0, 0.0, 0.0],
 [0.0, 0.12, 0.08, 0.0, 0.0, 0.0, 0.0, 0.0, 0.09, 0.0, 0.0, 0.0, 0.0, 0.0, 0.0, 0.12, 0.0],
 [0.0, 0.0, 0.0, 0.05, 0.07, 0.0, 0.0, 0.0, 0.08, 0.0, 0.0, 0.0, 0.0, 0.06, 0.0, 0.07, 0.0],
 [0.0, 0.0, 0.0, 0.0, 0.0, 0.09, 0.04, 0.13, 0.0, 0.0, 0.0, 0.0, 0.0, 0.0, 0.06, 0.0, 0.0],
 [0.0, 0.0, 0.0, 0.08, 0.09, 0.0, 0.0, 0.0, 0.06, 0.0, 0.0, 0.06, 0.0, 0.0, 0.0, 0.0, 0.0],
 [0.0, 0.0, 0.0, 0.0, 0.0, 0.0, 0.05, 0.09, 0.0, 0.0, 0.0, 0.0, 0.06, 0.0, 0.0, 0.0, 0.0],
 [0.0, 0.0, 0.0, 0.0, 0.09, 0.0, 0.0, 0.0, 0.11, 0.0, 0.12, 0.07, 0.0, 0.0, 0.0, 0.0, 0.0],
 [0.0, 0.0, 0.05, 0.0, 0.0, 0.0, 0.0, 0.0, 0.0, 0.0, 0.0, 0.0, 0.0, 0.0, 0.0, 0.0, 0.0]
]
