=== GA INPUT ===
{
  "nodes": {
    "D": {
      "type": "depot"
    },
    "1": {
      "type": "intersection"
    },
    "2": {
      "type": "intersection"
    },
    "C1": {
      "type": "customer"
    },
    "C2": {
      "type": "customer"
    },
    "BSS1": {
      "type": "bss"
    },
    "C3": {
      "type": "customer"
    },
    "BSS2": {
      "type": "bss"
    },
    "3": {
      "type": "intersection"
    },
    "BSS3": {
      "type": "bss"
    },
    "4": {
      "type": "intersection"
    },
    "5": {
      "type": "intersection"
    },
    "BSS4": {
      "type": "bss"
    },
    "6": {
      "type": "intersection"
    },
    "7": {
      "type": "intersection"
    },
    "C4": {
      "type": "customer"
    },
    "C5": {
      "type": "customer"
    },
    "C6": {
      "type": "customer"
    },
    "C7": {
      "type": "customer"
    },
    "BSS5": {
      "type": "bss"
    },
    "C8": {
      "type": "customer"
    },
    "8": {
      "type": "intersection"
    },
    "C9": {
      "type": "customer"
    },
    "C10": {
      "type": "customer"
    }
  },
  "edges": [
    {
      "from": "D",
      "to": "1",
      "distance": 3.55,
      "traffic_factor": 0.95
    },
    {
      "from": "D",
      "to": "2",
      "distance": 3.55,
      "traffic_factor": 0.95
    },
    {
      "from": "1",
      "to": "2",
      "distance": 3.75,
      "traffic_factor": 0.87
    },
    {
      "from": "1",
      "to": "C3",
      "distance": 5.46,
      "traffic_factor": 0.82
    },
    {
      "from": "1",
      "to": "3",
      "distance": 6.89,
      "traffic_factor": 0.87
    },
    {
      "from": "1",
      "to": "C7",
      "distance": 3.68,
      "traffic_factor": 0.73
    },
    {
      "from": "2",
      "to": "C3",
      "distance": 7.6,
      "traffic_factor": 0.78
    },
    {
      "from": "2",
      "to": "7",
      "distance": 5.81,
      "traffic_factor": 0.93
    },
    {
      "from": "2",
      "to": "C4",
      "distance": 7.88,
      "traffic_factor": 0.95
    },
    {
      "from": "C1",
      "to": "C2",
      "distance": 6.66,
      "traffic_factor": 0.98
    },
    {
      "from": "C1",
      "to": "BSS1",
      "distance": 7.34,
      "traffic_factor": 0.77
    },
    {
      "from": "C1",
      "to": "5",
      "distance": 5.46,
      "traffic_factor": 0.71
    },
    {
      "from": "C1",
      "to": "C4",
      "distance": 7.66,
      "traffic_factor": 0.78
    },
    {
      "from": "C1",
      "to": "C6",
      "distance": 7.51,
      "traffic_factor": 0.86
    },
    {
      "from": "C2",
      "to": "BSS1",
      "distance": 5.59,
      "traffic_factor": 0.81
    },
    {
      "from": "C2",
      "to": "BSS3",
      "distance": 4.47,
      "traffic_factor": 0.73
    },
    {
      "from": "C2",
      "to": "5",
      "distance": 6.27,
      "traffic_factor": 0.83
    },
    {
      "from": "BSS1",
      "to": "BSS2",
      "distance": 3.02,
      "traffic_factor": 0.72
    },
    {
      "from": "BSS1",
      "to": "BSS3",
      "distance": 7.56,
      "traffic_factor": 0.61
    },
    {
      "from": "BSS1",
      "to": "5",
      "distance": 6.01,
      "traffic_factor": 0.61
    },
    {
      "from": "C3",
      "to": "BSS4",
      "distance": 5.61,
      "traffic_factor": 0.69
    },
    {
      "from": "C3",
      "to": "C4",
      "distance": 3.28,
      "traffic_factor": 0.91
    },
    {
      "from": "C3",
      "to": "C7",
      "distance": 4.59,
      "traffic_factor": 0.62
    },
    {
      "from": "BSS2",
      "to": "4",
      "distance": 5.44,
      "traffic_factor": 0.8
    },
    {
      "from": "BSS2",
      "to": "5",
      "distance": 3.08,
      "traffic_factor": 0.85
    },
    {
      "from": "BSS2",
      "to": "C5",
      "distance": 6.94,
      "traffic_factor": 0.92
    },
    {
      "from": "BSS2",
      "to": "C10",
      "distance": 6.77,
      "traffic_factor": 0.62
    },
    {
      "from": "3",
      "to": "6",
      "distance": 6.91,
      "traffic_factor": 0.68
    },
    {
      "from": "3",
      "to": "BSS5",
      "distance": 5.34,
      "traffic_factor": 0.62
    },
    {
      "from": "3",
      "to": "8",
      "distance": 5.49,
      "traffic_factor": 0.67
    },
    {
      "from": "BSS3",
      "to": "7",
      "distance": 6.14,
      "traffic_factor": 0.62
    },
    {
      "from": "BSS3",
      "to": "C8",
      "distance": 4.67,
      "traffic_factor": 0.65
    },
    {
      "from": "BSS3",
      "to": "C9",
      "distance": 6.49,
      "traffic_factor": 0.73
    },
    {
      "from": "4",
      "to": "C5",
      "distance": 6.65,
      "traffic_factor": 0.91
    },
    {
      "from": "4",
      "to": "8",
      "distance": 7.06,
      "traffic_factor": 0.91
    },
    {
      "from": "4",
      "to": "C9",
      "distance": 4.44,
      "traffic_factor": 0.62
    },
    {
      "from": "4",
      "to": "C10",
      "distance": 6.19,
      "traffic_factor": 0.86
    },
    {
      "from": "5",
      "to": "C6",
      "distance": 4.55,
      "traffic_factor": 0.81
    },
    {
      "from": "BSS4",
      "to": "7",
      "distance": 3.5,
      "traffic_factor": 0.66
    },
    {
      "from": "BSS4",
      "to": "C4",
      "distance": 5.0,
      "traffic_factor": 0.71
    },
    {
      "from": "BSS4",
      "to": "C7",
      "distance": 7.59,
      "traffic_factor": 0.97
    },
    {
      "from": "BSS4",
      "to": "C8",
      "distance": 4.24,
      "traffic_factor": 1.0
    },
    {
      "from": "6",
      "to": "C5",
      "distance": 6.75,
      "traffic_factor": 0.88
    },
    {
      "from": "6",
      "to": "C6",
      "distance": 3.21,
      "traffic_factor": 0.65
    },
    {
      "from": "6",
      "to": "BSS5",
      "distance": 7.68,
      "traffic_factor": 1.0
    },
    {
      "from": "7",
      "to": "C4",
      "distance": 5.35,
      "traffic_factor": 0.75
    },
    {
      "from": "7",
      "to": "C8",
      "distance": 3.09,
      "traffic_factor": 0.91
    },
    {
      "from": "C6",
      "to": "C8",
      "distance": 5.34,
      "traffic_factor": 0.94
    },
    {
      "from": "C7",
      "to": "C8",
      "distance": 3.1,
      "traffic_factor": 0.62
    },
    {
      "from": "C9",
      "to": "C10",
      "distance": 4.66,
      "traffic_factor": 0.85
    }
  ]
}

=== ORDER OF NODES ===
['D', '1', '2', 'C1', 'C2', 'BSS1', 'C3', 'BSS2', '3', 'BSS3', '4', '5', 'BSS4', '6', '7', 'C4', 'C5', 'C6', 'C7', 'BSS5', 'C8', '8', 'C9', 'C10']

=== CPLEX MATRICES ===

Station = [0, 0, 0, 0, 0, 1, 0, 1, 0, 1, 0, 0, 1, 0, 0, 0, 0, 0, 0, 1, 0, 0, 0, 0, 0]
Costumer = [0, 0, 0, 1, 1, 0, 1, 0, 0, 0, 0, 0, 0, 0, 0, 1, 1, 1, 1, 0, 1, 0, 1, 1, 0]

--- Adjacency (0/1) ---
[
 [0, 1, 1, 0, 0, 0, 0, 0, 0, 0, 0, 0, 0, 0, 0, 0, 0, 0, 0, 0, 0, 0, 0, 0, 0],
 [1, 0, 1, 0, 0, 0, 1, 0, 1, 0, 0, 0, 0, 0, 0, 0, 0, 0, 1, 0, 0, 0, 0, 0, 0],
 [1, 1, 0, 0, 0, 0, 1, 0, 0, 0, 0, 0, 0, 0, 1, 1, 0, 0, 0, 0, 0, 0, 0, 0, 1],
 [0, 0, 0, 0, 1, 1, 0, 0, 0, 0, 0, 1, 0, 0, 0, 1, 0, 1, 0, 0, 0, 0, 0, 0, 0],
 [0, 0, 0, 1, 0, 1, 0, 0, 0, 1, 0, 1, 0, 0, 0, 0, 0, 0, 0, 0, 0, 0, 0, 0, 0],
 [0, 0, 0, 1, 1, 0, 0, 1, 0, 1, 0, 1, 0, 0, 0, 0, 0, 0, 0, 0, 0, 0, 0, 0, 0],
 [0, 1, 1, 0, 0, 0, 0, 0, 0, 0, 0, 0, 1, 0, 0, 1, 0, 0, 1, 0, 0, 0, 0, 0, 0],
 [0, 0, 0, 0, 0, 1, 0, 0, 0, 0, 1, 1, 0, 0, 0, 0, 1, 0, 0, 0, 0, 0, 0, 1, 0],
 [0, 1, 0, 0, 0, 0, 0, 0, 0, 0, 0, 0, 0, 1, 0, 0, 0, 0, 0, 1, 0, 1, 0, 0, 0],
 [0, 0, 0, 0, 1, 1, 0, 0, 0, 0, 0, 0, 0, 0, 1, 0, 0, 0, 0, 0, 1, 0, 1, 0, 0],
 [0, 0, 0, 0, 0, 0, 0, 1, 0, 0, 0, 0, 0, 0, 0, 0, 1, 0, 0, 0, 0, 1, 1, 1, 0],
 [0, 0, 0, 1, 1, 1, 0, 1, 0, 0, 0, 0, 0, 0, 0, 0, 0, 1, 0, 0, 0, 0, 0, 0, 0],
 [0, 0, 0, 0, 0, 0, 1, 0, 0, 0, 0, 0, 0, 0, 1, 1, 0, 0, 1, 0, 1, 0, 0, 0, 0],
 [0, 0, 0, 0, 0, 0, 0, 0, 1, 0, 0, 0, 0, 0, 0, 0, 1, 1, 0, 1, 0, 0, 0, 0, 0],
 [0, 0, 1, 0, 0, 0, 0, 0, 0, 1, 0, 0, 1, 0, 0, 1, 0, 0, 0, 0, 1, 0, 0, 0, 0],
 [0, 0, 1, 1, 0, 0, 1, 0, 0, 0, 0, 0, 1, 0, 1, 0, 0, 0, 0, 0, 0, 0, 0, 0, 0],
 [0, 0, 0, 0, 0, 0, 0, 1, 0, 0, 1, 0, 0, 1, 0, 0, 0, 0, 0, 0, 0, 0, 0, 0, 0],
 [0, 0, 0, 1, 0, 0, 0, 0, 0, 0, 0, 1, 0, 1, 0, 0, 0, 0, 0, 0, 1, 0, 0, 0, 0],
 [0, 1, 0, 0, 0, 0, 1, 0, 0, 0, 0, 0, 1, 0, 0, 0, 0, 0, 0, 0, 1, 0, 0, 0, 0],
 [0, 0, 0, 0, 0, 0, 0, 0, 1, 0, 0, 0, 0, 1, 0, 0, 0, 0, 0, 0, 0, 0, 0, 0, 0],
 [0, 0, 0, 0, 0, 0, 0, 0, 0, 1, 0, 0, 1, 0, 1, 0, 0, 1, 1, 0, 0, 0, 0, 0, 0],
 [0, 0, 0, 0, 0, 0, 0, 0, 1, 0, 1, 0, 0, 0, 0, 0, 0, 0, 0, 0, 0, 0, 0, 0, 0],
 [0, 0, 0, 0, 0, 0, 0, 0, 0, 1, 1, 0, 0, 0, 0, 0, 0, 0, 0, 0, 0, 0, 0, 1, 0],
 [0, 0, 0, 0, 0, 0, 0, 1, 0, 0, 1, 0, 0, 0, 0, 0, 0, 0, 0, 0, 0, 0, 1, 0, 0],
 [0, 0, 1, 0, 0, 0, 0, 0, 0, 0, 0, 0, 0, 0, 0, 0, 0, 0, 0, 0, 0, 0, 0, 0, 0]
]

--- Distance (km) ---
[
 [0.0, 3.55, 3.55, 0.0, 0.0, 0.0, 0.0, 0.0, 0.0, 0.0, 0.0, 0.0, 0.0, 0.0, 0.0, 0.0, 0.0, 0.0, 0.0, 0.0, 0.0, 0.0, 0.0, 0.0, 0.0],
 [3.55, 0.0, 3.75, 0.0, 0.0, 0.0, 5.46, 0.0, 6.89, 0.0, 0.0, 0.0, 0.0, 0.0, 0.0, 0.0, 0.0, 0.0, 3.68, 0.0, 0.0, 0.0, 0.0, 0.0, 0.0],
 [3.55, 3.75, 0.0, 0.0, 0.0, 0.0, 7.6, 0.0, 0.0, 0.0, 0.0, 0.0, 0.0, 0.0, 5.81, 7.88, 0.0, 0.0, 0.0, 0.0, 0.0, 0.0, 0.0, 0.0, 3.55],
 [0.0, 0.0, 0.0, 0.0, 6.66, 7.34, 0.0, 0.0, 0.0, 0.0, 0.0, 5.46, 0.0, 0.0, 0.0, 7.66, 0.0, 7.51, 0.0, 0.0, 0.0, 0.0, 0.0, 0.0, 0.0],
 [0.0, 0.0, 0.0, 6.66, 0.0, 5.59, 0.0, 0.0, 0.0, 4.47, 0.0, 6.27, 0.0, 0.0, 0.0, 0.0, 0.0, 0.0, 0.0, 0.0, 0.0, 0.0, 0.0, 0.0, 0.0],
 [0.0, 0.0, 0.0, 7.34, 5.59, 0.0, 0.0, 3.02, 0.0, 7.56, 0.0, 6.01, 0.0, 0.0, 0.0, 0.0, 0.0, 0.0, 0.0, 0.0, 0.0, 0.0, 0.0, 0.0, 0.0],
 [0.0, 5.46, 7.6, 0.0, 0.0, 0.0, 0.0, 0.0, 0.0, 0.0, 0.0, 0.0, 5.61, 0.0, 0.0, 3.28, 0.0, 0.0, 4.59, 0.0, 0.0, 0.0, 0.0, 0.0, 0.0],
 [0.0, 0.0, 0.0, 0.0, 0.0, 3.02, 0.0, 0.0, 0.0, 0.0, 5.44, 3.08, 0.0, 0.0, 0.0, 0.0, 6.94, 0.0, 0.0, 0.0, 0.0, 0.0, 0.0, 6.77, 0.0],
 [0.0, 6.89, 0.0, 0.0, 0.0, 0.0, 0.0, 0.0, 0.0, 0.0, 0.0, 0.0, 0.0, 6.91, 0.0, 0.0, 0.0, 0.0, 0.0, 5.34, 0.0, 5.49, 0.0, 0.0, 0.0],
 [0.0, 0.0, 0.0, 0.0, 4.47, 7.56, 0.0, 0.0, 0.0, 0.0, 0.0, 0.0, 0.0, 0.0, 6.14, 0.0, 0.0, 0.0, 0.0, 0.0, 4.67, 0.0, 6.49, 0.0, 0.0],
 [0.0, 0.0, 0.0, 0.0, 0.0, 0.0, 0.0, 5.44, 0.0, 0.0, 0.0, 0.0, 0.0, 0.0, 0.0, 0.0, 6.65, 0.0, 0.0, 0.0, 0.0, 7.06, 4.44, 6.19, 0.0],
 [0.0, 0.0, 0.0, 5.46, 6.27, 6.01, 0.0, 3.08, 0.0, 0.0, 0.0, 0.0, 0.0, 0.0, 0.0, 0.0, 0.0, 4.55, 0.0, 0.0, 0.0, 0.0, 0.0, 0.0, 0.0],
 [0.0, 0.0, 0.0, 0.0, 0.0, 0.0, 5.61, 0.0, 0.0, 0.0, 0.0, 0.0, 0.0, 0.0, 3.5, 5.0, 0.0, 0.0, 7.59, 0.0, 4.24, 0.0, 0.0, 0.0, 0.0],
 [0.0, 0.0, 0.0, 0.0, 0.0, 0.0, 0.0, 0.0, 6.91, 0.0, 0.0, 0.0, 0.0, 0.0, 0.0, 0.0, 6.75, 3.21, 0.0, 7.68, 0.0, 0.0, 0.0, 0.0, 0.0],
 [0.0, 0.0, 5.81, 0.0, 0.0, 0.0, 0.0, 0.0, 0.0, 6.14, 0.0, 0.0, 3.5, 0.0, 0.0, 5.35, 0.0, 0.0, 0.0, 0.0, 3.09, 0.0, 0.0, 0.0, 0.0],
 [0.0, 0.0, 7.88, 7.66, 0.0, 0.0, 3.28, 0.0, 0.0, 0.0, 0.0, 0.0, 5.0, 0.0, 5.35, 0.0, 0.0, 0.0, 0.0, 0.0, 0.0, 0.0, 0.0, 0.0, 0.0],
 [0.0, 0.0, 0.0, 0.0, 0.0, 0.0, 0.0, 6.94, 0.0, 0.0, 6.65, 0.0, 0.0, 6.75, 0.0, 0.0, 0.0, 0.0, 0.0, 0.0, 0.0, 0.0, 0.0, 0.0, 0.0],
 [0.0, 0.0, 0.0, 7.51, 0.0, 0.0, 0.0, 0.0, 0.0, 0.0, 0.0, 4.55, 0.0, 3.21, 0.0, 0.0, 0.0, 0.0, 0.0, 0.0, 5.34, 0.0, 0.0, 0.0, 0.0],
 [0.0, 3.68, 0.0, 0.0, 0.0, 0.0, 4.59, 0.0, 0.0, 0.0, 0.0, 0.0, 7.59, 0.0, 0.0, 0.0, 0.0, 0.0, 0.0, 0.0, 3.1, 0.0, 0.0, 0.0, 0.0],
 [0.0, 0.0, 0.0, 0.0, 0.0, 0.0, 0.0, 0.0, 5.34, 0.0, 0.0, 0.0, 0.0, 7.68, 0.0, 0.0, 0.0, 0.0, 0.0, 0.0, 0.0, 0.0, 0.0, 0.0, 0.0],
 [0.0, 0.0, 0.0, 0.0, 0.0, 0.0, 0.0, 0.0, 0.0, 4.67, 0.0, 0.0, 4.24, 0.0, 3.09, 0.0, 0.0, 5.34, 3.1, 0.0, 0.0, 0.0, 0.0, 0.0, 0.0],
 [0.0, 0.0, 0.0, 0.0, 0.0, 0.0, 0.0, 0.0, 5.49, 0.0, 7.06, 0.0, 0.0, 0.0, 0.0, 0.0, 0.0, 0.0, 0.0, 0.0, 0.0, 0.0, 0.0, 0.0, 0.0],
 [0.0, 0.0, 0.0, 0.0, 0.0, 0.0, 0.0, 0.0, 0.0, 6.49, 4.44, 0.0, 0.0, 0.0, 0.0, 0.0, 0.0, 0.0, 0.0, 0.0, 0.0, 0.0, 0.0, 4.66, 0.0],
 [0.0, 0.0, 0.0, 0.0, 0.0, 0.0, 0.0, 6.77, 0.0, 0.0, 6.19, 0.0, 0.0, 0.0, 0.0, 0.0, 0.0, 0.0, 0.0, 0.0, 0.0, 0.0, 4.66, 0.0, 0.0],
 [0.0, 0.0, 3.55, 0.0, 0.0, 0.0, 0.0, 0.0, 0.0, 0.0, 0.0, 0.0, 0.0, 0.0, 0.0, 0.0, 0.0, 0.0, 0.0, 0.0, 0.0, 0.0, 0.0, 0.0, 0.0]
]

--- TrafficFactor ---
[
 [0.0, 0.95, 0.95, 0.0, 0.0, 0.0, 0.0, 0.0, 0.0, 0.0, 0.0, 0.0, 0.0, 0.0, 0.0, 0.0, 0.0, 0.0, 0.0, 0.0, 0.0, 0.0, 0.0, 0.0, 0.0],
 [0.95, 0.0, 0.87, 0.0, 0.0, 0.0, 0.82, 0.0, 0.87, 0.0, 0.0, 0.0, 0.0, 0.0, 0.0, 0.0, 0.0, 0.0, 0.73, 0.0, 0.0, 0.0, 0.0, 0.0, 0.0],
 [0.95, 0.87, 0.0, 0.0, 0.0, 0.0, 0.78, 0.0, 0.0, 0.0, 0.0, 0.0, 0.0, 0.0, 0.93, 0.95, 0.0, 0.0, 0.0, 0.0, 0.0, 0.0, 0.0, 0.0, 0.95],
 [0.0, 0.0, 0.0, 0.0, 0.98, 0.77, 0.0, 0.0, 0.0, 0.0, 0.0, 0.71, 0.0, 0.0, 0.0, 0.78, 0.0, 0.86, 0.0, 0.0, 0.0, 0.0, 0.0, 0.0, 0.0],
 [0.0, 0.0, 0.0, 0.98, 0.0, 0.81, 0.0, 0.0, 0.0, 0.73, 0.0, 0.83, 0.0, 0.0, 0.0, 0.0, 0.0, 0.0, 0.0, 0.0, 0.0, 0.0, 0.0, 0.0, 0.0],
 [0.0, 0.0, 0.0, 0.77, 0.81, 0.0, 0.0, 0.72, 0.0, 0.61, 0.0, 0.61, 0.0, 0.0, 0.0, 0.0, 0.0, 0.0, 0.0, 0.0, 0.0, 0.0, 0.0, 0.0, 0.0],
 [0.0, 0.82, 0.78, 0.0, 0.0, 0.0, 0.0, 0.0, 0.0, 0.0, 0.0, 0.0, 0.69, 0.0, 0.0, 0.91, 0.0, 0.0, 0.62, 0.0, 0.0, 0.0, 0.0, 0.0, 0.0],
 [0.0, 0.0, 0.0, 0.0, 0.0, 0.72, 0.0, 0.0, 0.0, 0.0, 0.8, 0.85, 0.0, 0.0, 0.0, 0.0, 0.92, 0.0, 0.0, 0.0, 0.0, 0.0, 0.0, 0.62, 0.0],
 [0.0, 0.87, 0.0, 0.0, 0.0, 0.0, 0.0, 0.0, 0.0, 0.0, 0.0, 0.0, 0.0, 0.68, 0.0, 0.0, 0.0, 0.0, 0.0, 0.62, 0.0, 0.67, 0.0, 0.0, 0.0],
 [0.0, 0.0, 0.0, 0.0, 0.73, 0.61, 0.0, 0.0, 0.0, 0.0, 0.0, 0.0, 0.0, 0.0, 0.62, 0.0, 0.0, 0.0, 0.0, 0.0, 0.65, 0.0, 0.73, 0.0, 0.0],
 [0.0, 0.0, 0.0, 0.0, 0.0, 0.0, 0.0, 0.8, 0.0, 0.0, 0.0, 0.0, 0.0, 0.0, 0.0, 0.0, 0.91, 0.0, 0.0, 0.0, 0.0, 0.91, 0.62, 0.86, 0.0],
 [0.0, 0.0, 0.0, 0.71, 0.83, 0.61, 0.0, 0.85, 0.0, 0.0, 0.0, 0.0, 0.0, 0.0, 0.0, 0.0, 0.0, 0.81, 0.0, 0.0, 0.0, 0.0, 0.0, 0.0, 0.0],
 [0.0, 0.0, 0.0, 0.0, 0.0, 0.0, 0.69, 0.0, 0.0, 0.0, 0.0, 0.0, 0.0, 0.0, 0.66, 0.71, 0.0, 0.0, 0.97, 0.0, 1.0, 0.0, 0.0, 0.0, 0.0],
 [0.0, 0.0, 0.0, 0.0, 0.0, 0.0, 0.0, 0.0, 0.68, 0.0, 0.0, 0.0, 0.0, 0.0, 0.0, 0.0, 0.88, 0.65, 0.0, 1.0, 0.0, 0.0, 0.0, 0.0, 0.0],
 [0.0, 0.0, 0.93, 0.0, 0.0, 0.0, 0.0, 0.0, 0.0, 0.62, 0.0, 0.0, 0.66, 0.0, 0.0, 0.75, 0.0, 0.0, 0.0, 0.0, 0.91, 0.0, 0.0, 0.0, 0.0],
 [0.0, 0.0, 0.95, 0.78, 0.0, 0.0, 0.91, 0.0, 0.0, 0.0, 0.0, 0.0, 0.71, 0.0, 0.75, 0.0, 0.0, 0.0, 0.0, 0.0, 0.0, 0.0, 0.0, 0.0, 0.0],
 [0.0, 0.0, 0.0, 0.0, 0.0, 0.0, 0.0, 0.92, 0.0, 0.0, 0.91, 0.0, 0.0, 0.88, 0.0, 0.0, 0.0, 0.0, 0.0, 0.0, 0.0, 0.0, 0.0, 0.0, 0.0],
 [0.0, 0.0, 0.0, 0.86, 0.0, 0.0, 0.0, 0.0, 0.0, 0.0, 0.0, 0.81, 0.0, 0.65, 0.0, 0.0, 0.0, 0.0, 0.0, 0.0, 0.94, 0.0, 0.0, 0.0, 0.0],
 [0.0, 0.73, 0.0, 0.0, 0.0, 0.0, 0.62, 0.0, 0.0, 0.0, 0.0, 0.0, 0.97, 0.0, 0.0, 0.0, 0.0, 0.0, 0.0, 0.0, 0.62, 0.0, 0.0, 0.0, 0.0],
 [0.0, 0.0, 0.0, 0.0, 0.0, 0.0, 0.0, 0.0, 0.62, 0.0, 0.0, 0.0, 0.0, 1.0, 0.0, 0.0, 0.0, 0.0, 0.0, 0.0, 0.0, 0.0, 0.0, 0.0, 0.0],
 [0.0, 0.0, 0.0, 0.0, 0.0, 0.0, 0.0, 0.0, 0.0, 0.65, 0.0, 0.0, 1.0, 0.0, 0.91, 0.0, 0.0, 0.94, 0.62, 0.0, 0.0, 0.0, 0.0, 0.0, 0.0],
 [0.0, 0.0, 0.0, 0.0, 0.0, 0.0, 0.0, 0.0, 0.67, 0.0, 0.91, 0.0, 0.0, 0.0, 0.0, 0.0, 0.0, 0.0, 0.0, 0.0, 0.0, 0.0, 0.0, 0.0, 0.0],
 [0.0, 0.0, 0.0, 0.0, 0.0, 0.0, 0.0, 0.0, 0.0, 0.73, 0.62, 0.0, 0.0, 0.0, 0.0, 0.0, 0.0, 0.0, 0.0, 0.0, 0.0, 0.0, 0.0, 0.85, 0.0],
 [0.0, 0.0, 0.0, 0.0, 0.0, 0.0, 0.0, 0.62, 0.0, 0.0, 0.86, 0.0, 0.0, 0.0, 0.0, 0.0, 0.0, 0.0, 0.0, 0.0, 0.0, 0.0, 0.85, 0.0, 0.0],
 [0.0, 0.0, 0.95, 0.0, 0.0, 0.0, 0.0, 0.0, 0.0, 0.0, 0.0, 0.0, 0.0, 0.0, 0.0, 0.0, 0.0, 0.0, 0.0, 0.0, 0.0, 0.0, 0.0, 0.0, 0.0]
]

--- Travel Time T (minutes) ---
[
 [0.0, 4.48, 4.48, 0.0, 0.0, 0.0, 0.0, 0.0, 0.0, 0.0, 0.0, 0.0, 0.0, 0.0, 0.0, 0.0, 0.0, 0.0, 0.0, 0.0, 0.0, 0.0, 0.0, 0.0, 0.0],
 [4.48, 0.0, 5.17, 0.0, 0.0, 0.0, 7.99, 0.0, 9.5, 0.0, 0.0, 0.0, 0.0, 0.0, 0.0, 0.0, 0.0, 0.0, 6.05, 0.0, 0.0, 0.0, 0.0, 0.0, 0.0],
 [4.48, 5.17, 0.0, 0.0, 0.0, 0.0, 11.69, 0.0, 0.0, 0.0, 0.0, 0.0, 0.0, 0.0, 7.5, 9.95, 0.0, 0.0, 0.0, 0.0, 0.0, 0.0, 0.0, 0.0, 4.48],
 [0.0, 0.0, 0.0, 0.0, 8.16, 11.44, 0.0, 0.0, 0.0, 0.0, 0.0, 9.23, 0.0, 0.0, 0.0, 11.78, 0.0, 10.48, 0.0, 0.0, 0.0, 0.0, 0.0, 0.0, 0.0],
 [0.0, 0.0, 0.0, 8.16, 0.0, 8.28, 0.0, 0.0, 0.0, 7.35, 0.0, 9.07, 0.0, 0.0, 0.0, 0.0, 0.0, 0.0, 0.0, 0.0, 0.0, 0.0, 0.0, 0.0, 0.0],
 [0.0, 0.0, 0.0, 11.44, 8.28, 0.0, 0.0, 5.03, 0.0, 14.87, 0.0, 11.82, 0.0, 0.0, 0.0, 0.0, 0.0, 0.0, 0.0, 0.0, 0.0, 0.0, 0.0, 0.0, 0.0],
 [0.0, 7.99, 11.69, 0.0, 0.0, 0.0, 0.0, 0.0, 0.0, 0.0, 0.0, 0.0, 9.76, 0.0, 0.0, 4.33, 0.0, 0.0, 8.88, 0.0, 0.0, 0.0, 0.0, 0.0, 0.0],
 [0.0, 0.0, 0.0, 0.0, 0.0, 5.03, 0.0, 0.0, 0.0, 0.0, 8.16, 4.35, 0.0, 0.0, 0.0, 0.0, 9.05, 0.0, 0.0, 0.0, 0.0, 0.0, 0.0, 13.1, 0.0],
 [0.0, 9.5, 0.0, 0.0, 0.0, 0.0, 0.0, 0.0, 0.0, 0.0, 0.0, 0.0, 0.0, 12.19, 0.0, 0.0, 0.0, 0.0, 0.0, 10.34, 0.0, 9.83, 0.0, 0.0, 0.0],
 [0.0, 0.0, 0.0, 0.0, 7.35, 14.87, 0.0, 0.0, 0.0, 0.0, 0.0, 0.0, 0.0, 0.0, 11.88, 0.0, 0.0, 0.0, 0.0, 0.0, 8.62, 0.0, 10.67, 0.0, 0.0],
 [0.0, 0.0, 0.0, 0.0, 0.0, 0.0, 0.0, 8.16, 0.0, 0.0, 0.0, 0.0, 0.0, 0.0, 0.0, 0.0, 8.77, 0.0, 0.0, 0.0, 0.0, 9.31, 8.59, 8.64, 0.0],
 [0.0, 0.0, 0.0, 9.23, 9.07, 11.82, 0.0, 4.35, 0.0, 0.0, 0.0, 0.0, 0.0, 0.0, 0.0, 0.0, 0.0, 6.74, 0.0, 0.0, 0.0, 0.0, 0.0, 0.0, 0.0],
 [0.0, 0.0, 0.0, 0.0, 0.0, 0.0, 9.76, 0.0, 0.0, 0.0, 0.0, 0.0, 0.0, 0.0, 6.36, 8.45, 0.0, 0.0, 9.39, 0.0, 5.09, 0.0, 0.0, 0.0, 0.0],
 [0.0, 0.0, 0.0, 0.0, 0.0, 0.0, 0.0, 0.0, 12.19, 0.0, 0.0, 0.0, 0.0, 0.0, 0.0, 0.0, 9.2, 5.93, 0.0, 9.22, 0.0, 0.0, 0.0, 0.0, 0.0],
 [0.0, 0.0, 7.5, 0.0, 0.0, 0.0, 0.0, 0.0, 0.0, 11.88, 0.0, 0.0, 6.36, 0.0, 0.0, 8.56, 0.0, 0.0, 0.0, 0.0, 4.07, 0.0, 0.0, 0.0, 0.0],
 [0.0, 0.0, 9.95, 11.78, 0.0, 0.0, 4.33, 0.0, 0.0, 0.0, 0.0, 0.0, 8.45, 0.0, 8.56, 0.0, 0.0, 0.0, 0.0, 0.0, 0.0, 0.0, 0.0, 0.0, 0.0],
 [0.0, 0.0, 0.0, 0.0, 0.0, 0.0, 0.0, 9.05, 0.0, 0.0, 8.77, 0.0, 0.0, 9.2, 0.0, 0.0, 0.0, 0.0, 0.0, 0.0, 0.0, 0.0, 0.0, 0.0, 0.0],
 [0.0, 0.0, 0.0, 10.48, 0.0, 0.0, 0.0, 0.0, 0.0, 0.0, 0.0, 6.74, 0.0, 5.93, 0.0, 0.0, 0.0, 0.0, 0.0, 0.0, 6.82, 0.0, 0.0, 0.0, 0.0],
 [0.0, 6.05, 0.0, 0.0, 0.0, 0.0, 8.88, 0.0, 0.0, 0.0, 0.0, 0.0, 9.39, 0.0, 0.0, 0.0, 0.0, 0.0, 0.0, 0.0, 6.0, 0.0, 0.0, 0.0, 0.0],
 [0.0, 0.0, 0.0, 0.0, 0.0, 0.0, 0.0, 0.0, 10.34, 0.0, 0.0, 0.0, 0.0, 9.22, 0.0, 0.0, 0.0, 0.0, 0.0, 0.0, 0.0, 0.0, 0.0, 0.0, 0.0],
 [0.0, 0.0, 0.0, 0.0, 0.0, 0.0, 0.0, 0.0, 0.0, 8.62, 0.0, 0.0, 5.09, 0.0, 4.07, 0.0, 0.0, 6.82, 6.0, 0.0, 0.0, 0.0, 0.0, 0.0, 0.0],
 [0.0, 0.0, 0.0, 0.0, 0.0, 0.0, 0.0, 0.0, 9.83, 0.0, 9.31, 0.0, 0.0, 0.0, 0.0, 0.0, 0.0, 0.0, 0.0, 0.0, 0.0, 0.0, 0.0, 0.0, 0.0],
 [0.0, 0.0, 0.0, 0.0, 0.0, 0.0, 0.0, 0.0, 0.0, 10.67, 8.59, 0.0, 0.0, 0.0, 0.0, 0.0, 0.0, 0.0, 0.0, 0.0, 0.0, 0.0, 0.0, 6.58, 0.0],
 [0.0, 0.0, 0.0, 0.0, 0.0, 0.0, 0.0, 13.1, 0.0, 0.0, 8.64, 0.0, 0.0, 0.0, 0.0, 0.0, 0.0, 0.0, 0.0, 0.0, 0.0, 0.0, 6.58, 0.0, 0.0],
 [0.0, 0.0, 4.48, 0.0, 0.0, 0.0, 0.0, 0.0, 0.0, 0.0, 0.0, 0.0, 0.0, 0.0, 0.0, 0.0, 0.0, 0.0, 0.0, 0.0, 0.0, 0.0, 0.0, 0.0, 0.0]
]

--- Energy Drop (Edrop) - with load ---
[
 [0.0, 0.45, 0.45, 0.0, 0.0, 0.0, 0.0, 0.0, 0.0, 0.0, 0.0, 0.0, 0.0, 0.0, 0.0, 0.0, 0.0, 0.0, 0.0, 0.0, 0.0, 0.0, 0.0, 0.0, 0.0],
 [0.45, 0.0, 0.46, 0.0, 0.0, 0.0, 0.66, 0.0, 0.84, 0.0, 0.0, 0.0, 0.0, 0.0, 0.0, 0.0, 0.0, 0.0, 0.43, 0.0, 0.0, 0.0, 0.0, 0.0, 0.0],
 [0.45, 0.46, 0.0, 0.0, 0.0, 0.0, 0.9, 0.0, 0.0, 0.0, 0.0, 0.0, 0.0, 0.0, 0.73, 0.99, 0.0, 0.0, 0.0, 0.0, 0.0, 0.0, 0.0, 0.0, 0.45],
 [0.0, 0.0, 0.0, 0.0, 0.85, 0.87, 0.0, 0.0, 0.0, 0.0, 0.0, 0.64, 0.0, 0.0, 0.0, 0.91, 0.0, 0.92, 0.0, 0.0, 0.0, 0.0, 0.0, 0.0, 0.0],
 [0.0, 0.0, 0.0, 0.85, 0.0, 0.67, 0.0, 0.0, 0.0, 0.52, 0.0, 0.76, 0.0, 0.0, 0.0, 0.0, 0.0, 0.0, 0.0, 0.0, 0.0, 0.0, 0.0, 0.0, 0.0],
 [0.0, 0.0, 0.0, 0.87, 0.67, 0.0, 0.0, 0.35, 0.0, 0.86, 0.0, 0.68, 0.0, 0.0, 0.0, 0.0, 0.0, 0.0, 0.0, 0.0, 0.0, 0.0, 0.0, 0.0, 0.0],
 [0.0, 0.66, 0.9, 0.0, 0.0, 0.0, 0.0, 0.0, 0.0, 0.0, 0.0, 0.0, 0.65, 0.0, 0.0, 0.41, 0.0, 0.0, 0.52, 0.0, 0.0, 0.0, 0.0, 0.0, 0.0],
 [0.0, 0.0, 0.0, 0.0, 0.0, 0.35, 0.0, 0.0, 0.0, 0.0, 0.65, 0.37, 0.0, 0.0, 0.0, 0.0, 0.87, 0.0, 0.0, 0.0, 0.0, 0.0, 0.0, 0.77, 0.0],
 [0.0, 0.84, 0.0, 0.0, 0.0, 0.0, 0.0, 0.0, 0.0, 0.0, 0.0, 0.0, 0.0, 0.8, 0.0, 0.0, 0.0, 0.0, 0.0, 0.61, 0.0, 0.63, 0.0, 0.0, 0.0],
 [0.0, 0.0, 0.0, 0.0, 0.52, 0.86, 0.0, 0.0, 0.0, 0.0, 0.0, 0.0, 0.0, 0.0, 0.7, 0.0, 0.0, 0.0, 0.0, 0.0, 0.53, 0.0, 0.76, 0.0, 0.0],
 [0.0, 0.0, 0.0, 0.0, 0.0, 0.0, 0.0, 0.65, 0.0, 0.0, 0.0, 0.0, 0.0, 0.0, 0.0, 0.0, 0.83, 0.0, 0.0, 0.0, 0.0, 0.88, 0.5, 0.76, 0.0],
 [0.0, 0.0, 0.0, 0.64, 0.76, 0.68, 0.0, 0.37, 0.0, 0.0, 0.0, 0.0, 0.0, 0.0, 0.0, 0.0, 0.0, 0.55, 0.0, 0.0, 0.0, 0.0, 0.0, 0.0, 0.0],
 [0.0, 0.0, 0.0, 0.0, 0.0, 0.0, 0.65, 0.0, 0.0, 0.0, 0.0, 0.0, 0.0, 0.0, 0.4, 0.58, 0.0, 0.0, 0.96, 0.0, 1.12, 0.0, 0.0, 0.0, 0.0],
 [0.0, 0.0, 0.0, 0.0, 0.0, 0.0, 0.0, 0.0, 0.8, 0.0, 0.0, 0.0, 0.0, 0.0, 0.0, 0.0, 0.83, 0.37, 0.0, 2.03, 0.0, 0.0, 0.0, 0.0, 0.0],
 [0.0, 0.0, 0.73, 0.0, 0.0, 0.0, 0.0, 0.0, 0.0, 0.7, 0.0, 0.0, 0.4, 0.0, 0.0, 0.63, 0.0, 0.0, 0.0, 0.0, 0.38, 0.0, 0.0, 0.0, 0.0],
 [0.0, 0.0, 0.99, 0.91, 0.0, 0.0, 0.41, 0.0, 0.0, 0.0, 0.0, 0.0, 0.58, 0.0, 0.63, 0.0, 0.0, 0.0, 0.0, 0.0, 0.0, 0.0, 0.0, 0.0, 0.0],
 [0.0, 0.0, 0.0, 0.0, 0.0, 0.0, 0.0, 0.87, 0.0, 0.0, 0.83, 0.0, 0.0, 0.83, 0.0, 0.0, 0.0, 0.0, 0.0, 0.0, 0.0, 0.0, 0.0, 0.0, 0.0],
 [0.0, 0.0, 0.0, 0.92, 0.0, 0.0, 0.0, 0.0, 0.0, 0.0, 0.0, 0.55, 0.0, 0.37, 0.0, 0.0, 0.0, 0.0, 0.0, 0.0, 0.67, 0.0, 0.0, 0.0, 0.0],
 [0.0, 0.43, 0.0, 0.0, 0.0, 0.0, 0.52, 0.0, 0.0, 0.0, 0.0, 0.0, 0.96, 0.0, 0.0, 0.0, 0.0, 0.0, 0.0, 0.0, 0.35, 0.0, 0.0, 0.0, 0.0],
 [0.0, 0.0, 0.0, 0.0, 0.0, 0.0, 0.0, 0.0, 0.61, 0.0, 0.0, 0.0, 0.0, 2.03, 0.0, 0.0, 0.0, 0.0, 0.0, 0.0, 0.0, 0.0, 0.0, 0.0, 0.0],
 [0.0, 0.0, 0.0, 0.0, 0.0, 0.0, 0.0, 0.0, 0.0, 0.53, 0.0, 0.0, 1.12, 0.0, 0.38, 0.0, 0.0, 0.67, 0.35, 0.0, 0.0, 0.0, 0.0, 0.0, 0.0],
 [0.0, 0.0, 0.0, 0.0, 0.0, 0.0, 0.0, 0.0, 0.63, 0.0, 0.88, 0.0, 0.0, 0.0, 0.0, 0.0, 0.0, 0.0, 0.0, 0.0, 0.0, 0.0, 0.0, 0.0, 0.0],
 [0.0, 0.0, 0.0, 0.0, 0.0, 0.0, 0.0, 0.0, 0.0, 0.76, 0.5, 0.0, 0.0, 0.0, 0.0, 0.0, 0.0, 0.0, 0.0, 0.0, 0.0, 0.0, 0.0, 0.57, 0.0],
 [0.0, 0.0, 0.0, 0.0, 0.0, 0.0, 0.0, 0.77, 0.0, 0.0, 0.76, 0.0, 0.0, 0.0, 0.0, 0.0, 0.0, 0.0, 0.0, 0.0, 0.0, 0.0, 0.57, 0.0, 0.0],
 [0.0, 0.0, 0.45, 0.0, 0.0, 0.0, 0.0, 0.0, 0.0, 0.0, 0.0, 0.0, 0.0, 0.0, 0.0, 0.0, 0.0, 0.0, 0.0, 0.0, 0.0, 0.0, 0.0, 0.0, 0.0]
]

--- Energy Box (Ebox) - without load ---
[
 [0.0, 0.08, 0.08, 0.0, 0.0, 0.0, 0.0, 0.0, 0.0, 0.0, 0.0, 0.0, 0.0, 0.0, 0.0, 0.0, 0.0, 0.0, 0.0, 0.0, 0.0, 0.0, 0.0, 0.0, 0.0],
 [0.08, 0.0, 0.07, 0.0, 0.0, 0.0, 0.09, 0.0, 0.13, 0.0, 0.0, 0.0, 0.0, 0.0, 0.0, 0.0, 0.0, 0.0, 0.05, 0.0, 0.0, 0.0, 0.0, 0.0, 0.0],
 [0.08, 0.07, 0.0, 0.0, 0.0, 0.0, 0.11, 0.0, 0.0, 0.0, 0.0, 0.0, 0.0, 0.0, 0.12, 0.17, 0.0, 0.0, 0.0, 0.0, 0.0, 0.0, 0.0, 0.0, 0.08],
 [0.0, 0.0, 0.0, 0.0, 0.16, 0.11, 0.0, 0.0, 0.0, 0.0, 0.0, 0.07, 0.0, 0.0, 0.0, 0.12, 0.0, 0.14, 0.0, 0.0, 0.0, 0.0, 0.0, 0.0, 0.0],
 [0.0, 0.0, 0.0, 0.16, 0.0, 0.09, 0.0, 0.0, 0.0, 0.06, 0.0, 0.11, 0.0, 0.0, 0.0, 0.0, 0.0, 0.0, 0.0, 0.0, 0.0, 0.0, 0.0, 0.0, 0.0],
 [0.0, 0.0, 0.0, 0.11, 0.09, 0.0, 0.0, 0.04, 0.0, 0.07, 0.0, 0.06, 0.0, 0.0, 0.0, 0.0, 0.0, 0.0, 0.0, 0.0, 0.0, 0.0, 0.0, 0.0, 0.0],
 [0.0, 0.09, 0.11, 0.0, 0.0, 0.0, 0.0, 0.0, 0.0, 0.0, 0.0, 0.0, 0.07, 0.0, 0.0, 0.07, 0.0, 0.0, 0.04, 0.0, 0.0, 0.0, 0.0, 0.0, 0.0],
 [0.0, 0.0, 0.0, 0.0, 0.0, 0.04, 0.0, 0.0, 0.0, 0.0, 0.09, 0.05, 0.0, 0.0, 0.0, 0.0, 0.14, 0.0, 0.0, 0.0, 0.0, 0.0, 0.0, 0.07, 0.0],
 [0.0, 0.13, 0.0, 0.0, 0.0, 0.0, 0.0, 0.0, 0.0, 0.0, 0.0, 0.0, 0.0, 0.08, 0.0, 0.0, 0.0, 0.0, 0.0, 0.05, 0.0, 0.06, 0.0, 0.0, 0.0],
 [0.0, 0.0, 0.0, 0.0, 0.06, 0.07, 0.0, 0.0, 0.0, 0.0, 0.0, 0.0, 0.0, 0.0, 0.06, 0.0, 0.0, 0.0, 0.0, 0.0, 0.05, 0.0, 0.09, 0.0, 0.0],
 [0.0, 0.0, 0.0, 0.0, 0.0, 0.0, 0.0, 0.09, 0.0, 0.0, 0.0, 0.0, 0.0, 0.0, 0.0, 0.0, 0.14, 0.0, 0.0, 0.0, 0.0, 0.14, 0.04, 0.11, 0.0],
 [0.0, 0.0, 0.0, 0.07, 0.11, 0.06, 0.0, 0.05, 0.0, 0.0, 0.0, 0.0, 0.0, 0.0, 0.0, 0.0, 0.0, 0.07, 0.0, 0.0, 0.0, 0.0, 0.0, 0.0, 0.0],
 [0.0, 0.0, 0.0, 0.0, 0.0, 0.0, 0.07, 0.0, 0.0, 0.0, 0.0, 0.0, 0.0, 0.0, 0.04, 0.06, 0.0, 0.0, 0.18, 0.0, 0.14, 0.0, 0.0, 0.0, 0.0],
 [0.0, 0.0, 0.0, 0.0, 0.0, 0.0, 0.0, 0.0, 0.08, 0.0, 0.0, 0.0, 0.0, 0.0, 0.0, 0.0, 0.13, 0.03, 0.0, 0.26, 0.0, 0.0, 0.0, 0.0, 0.0],
 [0.0, 0.0, 0.12, 0.0, 0.0, 0.0, 0.0, 0.0, 0.0, 0.06, 0.0, 0.0, 0.04, 0.0, 0.0, 0.07, 0.0, 0.0, 0.0, 0.0, 0.06, 0.0, 0.0, 0.0, 0.0],
 [0.0, 0.0, 0.17, 0.12, 0.0, 0.0, 0.07, 0.0, 0.0, 0.0, 0.0, 0.0, 0.06, 0.0, 0.07, 0.0, 0.0, 0.0, 0.0, 0.0, 0.0, 0.0, 0.0, 0.0, 0.0],
 [0.0, 0.0, 0.0, 0.0, 0.0, 0.0, 0.0, 0.14, 0.0, 0.0, 0.14, 0.0, 0.0, 0.13, 0.0, 0.0, 0.0, 0.0, 0.0, 0.0, 0.0, 0.0, 0.0, 0.0, 0.0],
 [0.0, 0.0, 0.0, 0.14, 0.0, 0.0, 0.0, 0.0, 0.0, 0.0, 0.0, 0.07, 0.0, 0.03, 0.0, 0.0, 0.0, 0.0, 0.0, 0.0, 0.12, 0.0, 0.0, 0.0, 0.0],
 [0.0, 0.05, 0.0, 0.0, 0.0, 0.0, 0.04, 0.0, 0.0, 0.0, 0.0, 0.0, 0.18, 0.0, 0.0, 0.0, 0.0, 0.0, 0.0, 0.0, 0.03, 0.0, 0.0, 0.0, 0.0],
 [0.0, 0.0, 0.0, 0.0, 0.0, 0.0, 0.0, 0.0, 0.05, 0.0, 0.0, 0.0, 0.0, 0.26, 0.0, 0.0, 0.0, 0.0, 0.0, 0.0, 0.0, 0.0, 0.0, 0.0, 0.0],
 [0.0, 0.0, 0.0, 0.0, 0.0, 0.0, 0.0, 0.0, 0.0, 0.05, 0.0, 0.0, 0.14, 0.0, 0.06, 0.0, 0.0, 0.12, 0.03, 0.0, 0.0, 0.0, 0.0, 0.0, 0.0],
 [0.0, 0.0, 0.0, 0.0, 0.0, 0.0, 0.0, 0.0, 0.06, 0.0, 0.14, 0.0, 0.0, 0.0, 0.0, 0.0, 0.0, 0.0, 0.0, 0.0, 0.0, 0.0, 0.0, 0.0, 0.0],
 [0.0, 0.0, 0.0, 0.0, 0.0, 0.0, 0.0, 0.0, 0.0, 0.09, 0.04, 0.0, 0.0, 0.0, 0.0, 0.0, 0.0, 0.0, 0.0, 0.0, 0.0, 0.0, 0.0, 0.08, 0.0],
 [0.0, 0.0, 0.0, 0.0, 0.0, 0.0, 0.0, 0.07, 0.0, 0.0, 0.11, 0.0, 0.0, 0.0, 0.0, 0.0, 0.0, 0.0, 0.0, 0.0, 0.0, 0.0, 0.08, 0.0, 0.0],
 [0.0, 0.0, 0.08, 0.0, 0.0, 0.0, 0.0, 0.0, 0.0, 0.0, 0.0, 0.0, 0.0, 0.0, 0.0, 0.0, 0.0, 0.0, 0.0, 0.0, 0.0, 0.0, 0.0, 0.0, 0.0]
]
