Initial = 100; // Initial energy level at the depot
Eth = 20;	// Minimum energy level

S = 0;		// Sourse of EV
D = 16;		// Destination of EV
G = 10000;  // Large value

Nodes = 16;
Visits = 7;

ECharging = 1;		// Vehicle charging per time unit
Reroad = 3;			// E-road Charging rate per time unit

Station = [0, 0, 0, 0, 0, 0, 0, 0, 0, 0, 0, 0, 0, 1, 1, 1, 0];
Costumer = [0, 0, 0, 0, 0, 0, 0, 1, 1, 1, 1, 1, 1, 0, 0, 0, 0];

Adj =	[
			[0, 1, 1, 0, 0, 0, 0, 0, 0, 0, 0, 0, 0, 0, 0, 0, 0],
			[1, 0, 1, 0, 0, 0, 0, 0, 0, 0, 0, 0, 0, 1, 0, 0, 0],
			[1, 1, 0, 1, 0, 0, 0, 0, 0, 0, 0, 0, 0, 0, 1, 0, 1],
			[0, 0, 1, 0, 1, 0, 0, 0, 0, 0, 0, 0, 1, 0, 0, 0, 0],
			[0, 0, 0, 1, 0, 1, 0, 0, 0, 0, 0, 0, 1, 0, 0, 0, 0],
			[0, 0, 0, 0, 1, 0, 1, 0, 0, 0, 0, 0, 1, 0, 0, 1, 0],
			[0, 0, 0, 0, 0, 1, 0, 1, 0, 1, 0, 0, 0, 0, 0, 1, 0],
			[0, 0, 0, 0, 0, 0, 1, 0, 1, 0, 0, 0, 0, 0, 0, 0, 0],
			[0, 0, 0, 0, 0, 0, 0, 1, 0, 1, 0, 0, 0, 0, 0, 0, 0],
			[0, 0, 0, 0, 0, 0, 1, 0, 1, 0, 1, 0, 0, 0, 0, 0, 0],
			[0, 0, 0, 0, 0, 0, 0, 0, 0, 1, 0, 1, 0, 0, 0, 0, 0],
			[0, 0, 0, 0, 0, 0, 0, 0, 0, 0, 1, 0, 1, 0, 0, 0, 0],
			[0, 0, 0, 1, 1, 1, 0, 0, 0, 0, 0, 1, 0, 1, 0, 0, 0],
			[0, 1, 0, 0, 0, 0, 0, 0, 0, 0, 0, 0, 1, 0, 1, 0, 0],
			[0, 0, 1, 0, 0, 0, 0, 0, 0, 0, 0, 0, 0, 1, 0, 1, 0],
			[0, 0, 0, 0, 0, 1, 1, 0, 0, 0, 0, 0, 0, 0, 1, 0, 0],
			[0, 0, 1, 0, 0, 0, 0, 0, 0, 0, 0, 0, 0, 0, 0, 0, 0]
];

Trav =	[
			[0.00, 10.54, 11.94, 0.00, 0.00, 0.00, 0.00, 0.00, 0.00, 0.00, 0.00, 0.00, 0.00, 0.00, 0.00, 0.00, 0.00],
			[10.54, 0.00, 5.85, 0.00, 0.00, 0.00, 0.00, 0.00, 0.00, 0.00, 0.00, 0.00, 0.00, 8.06, 0.00, 0.00, 0.00],
			[11.94, 5.85, 0.00, 13.63, 0.00, 0.00, 0.00, 0.00, 0.00, 0.00, 0.00, 0.00, 0.00, 0.00, 6.64, 0.00, 11.94],
			[0.00, 0.00, 13.63, 0.00, 6.83, 0.00, 0.00, 0.00, 0.00, 0.00, 0.00, 0.00, 8.40, 0.00, 0.00, 0.00, 0.00],
			[0.00, 0.00, 0.00, 6.83, 0.00, 12.22, 0.00, 0.00, 0.00, 0.00, 0.00, 0.00, 10.48, 0.00, 0.00, 0.00, 0.00],
			[0.00, 0.00, 0.00, 0.00, 12.22, 0.00, 9.24, 0.00, 0.00, 0.00, 0.00, 0.00, 10.65, 0.00, 0.00, 7.16, 0.00],
			[0.00, 0.00, 0.00, 0.00, 0.00, 9.24, 0.00, 12.93, 0.00, 13.08, 0.00, 0.00, 0.00, 0.00, 0.00, 10.30, 0.00],
			[0.00, 0.00, 0.00, 0.00, 0.00, 0.00, 12.93, 0.00, 13.82, 0.00, 0.00, 0.00, 0.00, 0.00, 0.00, 0.00, 0.00],
			[0.00, 0.00, 0.00, 0.00, 0.00, 0.00, 0.00, 13.82, 0.00, 10.91, 0.00, 0.00, 0.00, 0.00, 0.00, 0.00, 0.00],
			[0.00, 0.00, 0.00, 0.00, 0.00, 0.00, 13.08, 0.00, 10.91, 0.00, 6.51, 0.00, 0.00, 0.00, 0.00, 0.00, 0.00],
			[0.00, 0.00, 0.00, 0.00, 0.00, 0.00, 0.00, 0.00, 0.00, 6.51, 0.00, 7.88, 0.00, 0.00, 0.00, 0.00, 0.00],
			[0.00, 0.00, 0.00, 0.00, 0.00, 0.00, 0.00, 0.00, 0.00, 0.00, 7.88, 0.00, 9.86, 0.00, 0.00, 0.00, 0.00],
			[0.00, 0.00, 0.00, 8.40, 10.48, 10.65, 0.00, 0.00, 0.00, 0.00, 0.00, 9.86, 0.00, 5.33, 0.00, 0.00, 0.00],
			[0.00, 8.06, 0.00, 0.00, 0.00, 0.00, 0.00, 0.00, 0.00, 0.00, 0.00, 0.00, 5.33, 0.00, 12.05, 0.00, 0.00],
			[0.00, 0.00, 6.64, 0.00, 0.00, 0.00, 0.00, 0.00, 0.00, 0.00, 0.00, 0.00, 0.00, 12.05, 0.00, 14.34, 0.00],
			[0.00, 0.00, 0.00, 0.00, 0.00, 7.16, 10.30, 0.00, 0.00, 0.00, 0.00, 0.00, 0.00, 0.00, 14.34, 0.00, 0.00],
			[0.00, 0.00, 11.94, 0.00, 0.00, 0.00, 0.00, 0.00, 0.00, 0.00, 0.00, 0.00, 0.00, 0.00, 0.00, 0.00, 0.00]
];

Dist =	[
			[0.00, 5.97, 5.97, 0.00, 0.00, 0.00, 0.00, 0.00, 0.00, 0.00, 0.00, 0.00, 0.00, 0.00, 0.00, 0.00, 0.00],
			[5.97, 0.00, 3.12, 0.00, 0.00, 0.00, 0.00, 0.00, 0.00, 0.00, 0.00, 0.00, 0.00, 4.23, 0.00, 0.00, 0.00],
			[5.97, 3.12, 0.00, 7.95, 0.00, 0.00, 0.00, 0.00, 0.00, 0.00, 0.00, 0.00, 0.00, 0.00, 3.82, 0.00, 5.97],
			[0.00, 0.00, 7.95, 0.00, 4.10, 0.00, 0.00, 0.00, 0.00, 0.00, 0.00, 0.00, 4.27, 0.00, 0.00, 0.00, 0.00],
			[0.00, 0.00, 0.00, 4.10, 0.00, 6.62, 0.00, 0.00, 0.00, 0.00, 0.00, 0.00, 5.24, 0.00, 0.00, 0.00, 0.00],
			[0.00, 0.00, 0.00, 0.00, 6.62, 0.00, 7.70, 0.00, 0.00, 0.00, 0.00, 0.00, 5.59, 0.00, 0.00, 5.97, 0.00],
			[0.00, 0.00, 0.00, 0.00, 0.00, 7.70, 0.00, 7.22, 0.00, 6.54, 0.00, 0.00, 0.00, 0.00, 0.00, 5.41, 0.00],
			[0.00, 0.00, 0.00, 0.00, 0.00, 0.00, 7.22, 0.00, 7.83, 0.00, 0.00, 0.00, 0.00, 0.00, 0.00, 0.00, 0.00],
			[0.00, 0.00, 0.00, 0.00, 0.00, 0.00, 0.00, 7.83, 0.00, 6.09, 0.00, 0.00, 0.00, 0.00, 0.00, 0.00, 0.00],
			[0.00, 0.00, 0.00, 0.00, 0.00, 0.00, 6.54, 0.00, 6.09, 0.00, 3.42, 0.00, 0.00, 0.00, 0.00, 0.00, 0.00],
			[0.00, 0.00, 0.00, 0.00, 0.00, 0.00, 0.00, 0.00, 0.00, 3.42, 0.00, 6.57, 0.00, 0.00, 0.00, 0.00, 0.00],
			[0.00, 0.00, 0.00, 0.00, 0.00, 0.00, 0.00, 0.00, 0.00, 0.00, 6.57, 0.00, 5.59, 0.00, 0.00, 0.00, 0.00],
			[0.00, 0.00, 0.00, 4.27, 5.24, 5.59, 0.00, 0.00, 0.00, 0.00, 0.00, 5.59, 0.00, 4.44, 0.00, 0.00, 0.00],
			[0.00, 4.23, 0.00, 0.00, 0.00, 0.00, 0.00, 0.00, 0.00, 0.00, 0.00, 0.00, 4.44, 0.00, 7.13, 0.00, 0.00],
			[0.00, 0.00, 3.82, 0.00, 0.00, 0.00, 0.00, 0.00, 0.00, 0.00, 0.00, 0.00, 0.00, 7.13, 0.00, 7.17, 0.00],
			[0.00, 0.00, 0.00, 0.00, 0.00, 5.97, 5.41, 0.00, 0.00, 0.00, 0.00, 0.00, 0.00, 0.00, 7.17, 0.00, 0.00],
			[0.00, 0.00, 5.97, 0.00, 0.00, 0.00, 0.00, 0.00, 0.00, 0.00, 0.00, 0.00, 0.00, 0.00, 0.00, 0.00, 0.00]
];

Edep =	[
			[0.00, 0.92, 0.88, 0.00, 0.00, 0.00, 0.00, 0.00, 0.00, 0.00, 0.00, 0.00, 0.00, 0.00, 0.00, 0.00, 0.00],
			[0.92, 0.00, 0.47, 0.00, 0.00, 0.00, 0.00, 0.00, 0.00, 0.00, 0.00, 0.00, 0.00, 0.63, 0.00, 0.00, 0.00],
			[0.88, 0.47, 0.00, 1.24, 0.00, 0.00, 0.00, 0.00, 0.00, 0.00, 0.00, 0.00, 0.00, 0.00, 0.59, 0.00, 0.88],
			[0.00, 0.00, 1.24, 0.00, 0.65, 0.00, 0.00, 0.00, 0.00, 0.00, 0.00, 0.00, 0.63, 0.00, 0.00, 0.00, 0.00],
			[0.00, 0.00, 0.00, 0.65, 0.00, 1.00, 0.00, 0.00, 0.00, 0.00, 0.00, 0.00, 0.77, 0.00, 0.00, 0.00, 0.00],
			[0.00, 0.00, 0.00, 0.00, 1.00, 0.00, 2.62, 0.00, 0.00, 0.00, 0.00, 0.00, 0.84, 0.00, 0.00, 2.03, 0.00],
			[0.00, 0.00, 0.00, 0.00, 0.00, 2.62, 0.00, 1.10, 0.00, 0.96, 0.00, 0.00, 0.00, 0.00, 0.00, 0.81, 0.00],
			[0.00, 0.00, 0.00, 0.00, 0.00, 0.00, 1.10, 0.00, 1.21, 0.00, 0.00, 0.00, 0.00, 0.00, 0.00, 0.00, 0.00],
			[0.00, 0.00, 0.00, 0.00, 0.00, 0.00, 0.00, 1.21, 0.00, 0.93, 0.00, 0.00, 0.00, 0.00, 0.00, 0.00, 0.00],
			[0.00, 0.00, 0.00, 0.00, 0.00, 0.00, 0.96, 0.00, 0.93, 0.00, 0.51, 0.00, 0.00, 0.00, 0.00, 0.00, 0.00],
			[0.00, 0.00, 0.00, 0.00, 0.00, 0.00, 0.00, 0.00, 0.00, 0.51, 0.00, 2.24, 0.00, 0.00, 0.00, 0.00, 0.00],
			[0.00, 0.00, 0.00, 0.00, 0.00, 0.00, 0.00, 0.00, 0.00, 0.00, 2.24, 0.00, 0.86, 0.00, 0.00, 0.00, 0.00],
			[0.00, 0.00, 0.00, 0.63, 0.77, 0.84, 0.00, 0.00, 0.00, 0.00, 0.00, 0.86, 0.00, 1.51, 0.00, 0.00, 0.00],
			[0.00, 0.63, 0.00, 0.00, 0.00, 0.00, 0.00, 0.00, 0.00, 0.00, 0.00, 0.00, 1.51, 0.00, 1.12, 0.00, 0.00],
			[0.00, 0.00, 0.59, 0.00, 0.00, 0.00, 0.00, 0.00, 0.00, 0.00, 0.00, 0.00, 0.00, 1.12, 0.00, 1.05, 0.00],
			[0.00, 0.00, 0.00, 0.00, 0.00, 2.03, 0.81, 0.00, 0.00, 0.00, 0.00, 0.00, 0.00, 0.00, 1.05, 0.00, 0.00],
			[0.00, 0.00, 0.88, 0.00, 0.00, 0.00, 0.00, 0.00, 0.00, 0.00, 0.00, 0.00, 0.00, 0.00, 0.00, 0.00, 0.00]
];

Ebox =	[
			[0.00, 0.13, 0.12, 0.00, 0.00, 0.00, 0.00, 0.00, 0.00, 0.00, 0.00, 0.00, 0.00, 0.00, 0.00, 0.00, 0.00],
			[0.13, 0.00, 0.07, 0.00, 0.00, 0.00, 0.00, 0.00, 0.00, 0.00, 0.00, 0.00, 0.00, 0.09, 0.00, 0.00, 0.00],
			[0.12, 0.07, 0.00, 0.17, 0.00, 0.00, 0.00, 0.00, 0.00, 0.00, 0.00, 0.00, 0.00, 0.00, 0.08, 0.00, 0.12],
			[0.00, 0.00, 0.17, 0.00, 0.09, 0.00, 0.00, 0.00, 0.00, 0.00, 0.00, 0.00, 0.09, 0.00, 0.00, 0.00, 0.00],
			[0.00, 0.00, 0.00, 0.09, 0.00, 0.14, 0.00, 0.00, 0.00, 0.00, 0.00, 0.00, 0.11, 0.00, 0.00, 0.00, 0.00],
			[0.00, 0.00, 0.00, 0.00, 0.14, 0.00, 0.36, 0.00, 0.00, 0.00, 0.00, 0.00, 0.12, 0.00, 0.00, 0.28, 0.00],
			[0.00, 0.00, 0.00, 0.00, 0.00, 0.36, 0.00, 0.15, 0.00, 0.13, 0.00, 0.00, 0.00, 0.00, 0.00, 0.11, 0.00],
			[0.00, 0.00, 0.00, 0.00, 0.00, 0.00, 0.15, 0.00, 0.17, 0.00, 0.00, 0.00, 0.00, 0.00, 0.00, 0.00, 0.00],
			[0.00, 0.00, 0.00, 0.00, 0.00, 0.00, 0.00, 0.17, 0.00, 0.13, 0.00, 0.00, 0.00, 0.00, 0.00, 0.00, 0.00],
			[0.00, 0.00, 0.00, 0.00, 0.00, 0.00, 0.13, 0.00, 0.13, 0.00, 0.07, 0.00, 0.00, 0.00, 0.00, 0.00, 0.00],
			[0.00, 0.00, 0.00, 0.00, 0.00, 0.00, 0.00, 0.00, 0.00, 0.07, 0.00, 0.31, 0.00, 0.00, 0.00, 0.00, 0.00],
			[0.00, 0.00, 0.00, 0.00, 0.00, 0.00, 0.00, 0.00, 0.00, 0.00, 0.31, 0.00, 0.12, 0.00, 0.00, 0.00, 0.00],
			[0.00, 0.00, 0.00, 0.09, 0.11, 0.12, 0.00, 0.00, 0.00, 0.00, 0.00, 0.12, 0.00, 0.21, 0.00, 0.00, 0.00],
			[0.00, 0.09, 0.00, 0.00, 0.00, 0.00, 0.00, 0.00, 0.00, 0.00, 0.00, 0.00, 0.21, 0.00, 0.16, 0.00, 0.00],
			[0.00, 0.00, 0.08, 0.00, 0.00, 0.00, 0.00, 0.00, 0.00, 0.00, 0.00, 0.00, 0.00, 0.16, 0.00, 0.15, 0.00],
			[0.00, 0.00, 0.00, 0.00, 0.00, 0.28, 0.11, 0.00, 0.00, 0.00, 0.00, 0.00, 0.00, 0.00, 0.15, 0.00, 0.00],
			[0.00, 0.00, 0.12, 0.00, 0.00, 0.00, 0.00, 0.00, 0.00, 0.00, 0.00, 0.00, 0.00, 0.00, 0.00, 0.00, 0.00]
];

Eroad =	[
			[0, 0, 0, 0, 0, 0, 0, 0, 0, 0, 0, 0, 0, 0, 0, 0, 0],
			[0, 0, 0, 0, 0, 0, 0, 0, 0, 0, 0, 0, 0, 0, 0, 0, 0],
			[0, 0, 0, 0, 0, 0, 0, 0, 0, 0, 0, 0, 0, 0, 0, 0, 0],
			[0, 0, 0, 0, 0, 0, 0, 0, 0, 0, 0, 0, 0, 0, 0, 0, 0],
			[0, 0, 0, 0, 0, 0, 0, 0, 0, 0, 0, 0, 0, 0, 0, 0, 0],
			[0, 0, 0, 0, 0, 0, 1, 0, 0, 0, 0, 0, 0, 0, 0, 1, 0],
			[0, 0, 0, 0, 0, 0, 0, 0, 0, 0, 0, 0, 0, 0, 0, 0, 0],
			[0, 0, 0, 0, 0, 0, 0, 0, 0, 0, 0, 0, 0, 0, 0, 0, 0],
			[0, 0, 0, 0, 0, 0, 0, 0, 0, 0, 0, 0, 0, 0, 0, 0, 0],
			[0, 0, 0, 0, 0, 0, 0, 0, 0, 0, 0, 0, 0, 0, 0, 0, 0],
			[0, 0, 0, 0, 0, 0, 0, 0, 0, 0, 0, 1, 0, 0, 0, 0, 0],
			[0, 0, 0, 0, 0, 0, 0, 0, 0, 0, 0, 0, 0, 0, 0, 0, 0],
			[0, 0, 0, 0, 0, 0, 0, 0, 0, 0, 0, 0, 0, 1, 0, 0, 0],
			[0, 0, 0, 0, 0, 0, 0, 0, 0, 0, 0, 0, 0, 0, 0, 0, 0],
			[0, 0, 0, 0, 0, 0, 0, 0, 0, 0, 0, 0, 0, 0, 0, 0, 0],
			[0, 0, 0, 0, 0, 0, 0, 0, 0, 0, 0, 0, 0, 0, 0, 0, 0],
			[0, 0, 0, 0, 0, 0, 0, 0, 0, 0, 0, 0, 0, 0, 0, 0, 0]
];

