Initial = 100; // Initial energy level at the depot
Eth = 20;	// Minimum energy level
Cswap = 50;	// Cost of swapping a module
Tswap = 2;	// Time to swap a battery module
M = 5;		// The total number of battery modules

S = 0;		// Sourse of EV
D = 16;		// Destination of EV
G = 10000;  // Large value

Nodes = 16;
Visits = 15;

Station =  [0, 0, 0, 1, 1, 0, 0, 0, 1, 0, 0, 0, 0, 0, 0, 0, 0];
Costumer = [0, 0, 0, 0, 0, 1, 0, 1, 0, 1, 1, 0, 0, 0, 1, 1, 0];

Adj = 	[
 [0, 1, 1, 0, 0, 0, 0, 0, 0, 0, 0, 0, 0, 0, 0, 0, 0],
 [1, 0, 1, 0, 0, 0, 0, 1, 0, 0, 0, 0, 1, 1, 0, 0, 0],
 [1, 1, 0, 1, 0, 0, 0, 0, 0, 0, 0, 0, 1, 1, 0, 0, 1],
 [0, 0, 1, 0, 0, 0, 0, 1, 0, 0, 0, 0, 1, 1, 1, 0, 0],
 [0, 0, 0, 0, 0, 0, 1, 0, 1, 0, 1, 0, 0, 0, 0, 0, 0],
 [0, 0, 0, 0, 0, 0, 0, 1, 0, 1, 0, 1, 0, 0, 0, 1, 0],
 [0, 0, 0, 0, 1, 0, 0, 0, 1, 0, 1, 0, 0, 0, 0, 0, 0],
 [0, 1, 0, 1, 0, 1, 0, 0, 0, 1, 0, 0, 0, 1, 0, 0, 0],
 [0, 0, 0, 0, 1, 0, 1, 0, 0, 1, 1, 1, 0, 0, 0, 0, 0],
 [0, 0, 0, 0, 0, 1, 0, 1, 1, 0, 0, 0, 0, 0, 0, 0, 0],
 [0, 0, 0, 0, 1, 0, 1, 0, 1, 0, 0, 0, 0, 0, 0, 0, 0],
 [0, 0, 0, 0, 0, 1, 0, 0, 1, 0, 0, 0, 0, 0, 0, 1, 0],
 [0, 1, 1, 1, 0, 0, 0, 0, 0, 0, 0, 0, 0, 0, 1, 0, 0],
 [0, 1, 1, 1, 0, 0, 0, 1, 0, 0, 0, 0, 0, 0, 1, 0, 0],
 [0, 0, 0, 1, 0, 0, 0, 0, 0, 0, 0, 0, 1, 1, 0, 0, 0],
 [0, 0, 0, 0, 0, 1, 0, 0, 0, 0, 0, 1, 0, 0, 0, 0, 0],
 [0, 0, 1, 0, 0, 0, 0, 0, 0, 0, 0, 0, 0, 0, 0, 0, 0]
];

Trav =	[
 [0.00, 5.33, 5.39, 0.00, 0.00, 0.00, 0.00, 0.00, 0.00, 0.00, 0.00, 0.00, 0.00, 0.00, 0.00, 0.00, 0.00],
 [5.33, 0.00, 7.41, 0.00, 0.00, 0.00, 0.00, 4.34, 0.00, 0.00, 0.00, 0.00, 7.61, 7.57, 0.00, 0.00, 0.00],
 [5.39, 7.41, 0.00, 5.53, 0.00, 0.00, 0.00, 0.00, 0.00, 0.00, 0.00, 0.00, 6.00, 6.31, 0.00, 0.00, 4.71],
 [0.00, 0.00, 5.53, 0.00, 0.00, 0.00, 0.00, 7.75, 0.00, 0.00, 0.00, 0.00, 6.73, 7.06, 5.39, 0.00, 0.00],
 [0.00, 0.00, 0.00, 0.00, 0.00, 0.00, 6.03, 0.00, 10.69, 0.00, 8.51, 0.00, 0.00, 0.00, 0.00, 0.00, 0.00],
 [0.00, 0.00, 0.00, 0.00, 0.00, 0.00, 0.00, 12.03, 0.00, 10.99, 0.00, 7.76, 0.00, 0.00, 0.00, 9.45, 0.00],
 [0.00, 0.00, 0.00, 0.00, 6.03, 0.00, 0.00, 0.00, 8.29, 0.00, 9.92, 0.00, 0.00, 0.00, 0.00, 0.00, 0.00],
 [0.00, 4.34, 0.00, 7.75, 0.00, 12.03, 0.00, 0.00, 0.00, 7.44, 0.00, 0.00, 0.00, 7.72, 0.00, 0.00, 0.00],
 [0.00, 0.00, 0.00, 0.00, 10.69, 0.00, 8.29, 0.00, 0.00, 6.39, 8.55, 10.59, 0.00, 0.00, 0.00, 0.00, 0.00],
 [0.00, 0.00, 0.00, 0.00, 0.00, 10.99, 0.00, 7.44, 6.39, 0.00, 0.00, 0.00, 0.00, 0.00, 0.00, 0.00, 0.00],
 [0.00, 0.00, 0.00, 0.00, 8.51, 0.00, 9.92, 0.00, 8.55, 0.00, 0.00, 0.00, 0.00, 0.00, 0.00, 0.00, 0.00],
 [0.00, 0.00, 0.00, 0.00, 0.00, 7.76, 0.00, 0.00, 10.59, 0.00, 0.00, 0.00, 0.00, 0.00, 0.00, 6.66, 0.00],
 [0.00, 7.61, 6.00, 6.73, 0.00, 0.00, 0.00, 0.00, 0.00, 0.00, 0.00, 0.00, 0.00, 0.00, 7.75, 0.00, 0.00],
 [0.00, 7.57, 6.31, 7.06, 0.00, 0.00, 0.00, 7.72, 0.00, 0.00, 0.00, 0.00, 0.00, 0.00, 5.77, 0.00, 0.00],
 [0.00, 0.00, 0.00, 5.39, 0.00, 0.00, 0.00, 0.00, 0.00, 0.00, 0.00, 0.00, 7.75, 5.77, 0.00, 0.00, 0.00],
 [0.00, 0.00, 0.00, 0.00, 0.00, 9.45, 0.00, 0.00, 0.00, 0.00, 0.00, 6.66, 0.00, 0.00, 0.00, 0.00, 0.00],
 [0.00, 0.00, 4.71, 0.00, 0.00, 0.00, 0.00, 0.00, 0.00, 0.00, 0.00, 0.00, 0.00, 0.00, 0.00, 0.00, 0.00]
];

Edep =	[
 [0.00, 0.44, 0.44, 0.00, 0.00, 0.00, 0.00, 0.00, 0.00, 0.00, 0.00, 0.00, 0.00, 0.00, 0.00, 0.00, 0.00],
 [0.44, 0.00, 0.57, 0.00, 0.00, 0.00, 0.00, 0.37, 0.00, 0.00, 0.00, 0.00, 0.61, 0.57, 0.00, 0.00, 0.00],
 [0.44, 0.57, 0.00, 0.43, 0.00, 0.00, 0.00, 0.00, 0.00, 0.00, 0.00, 0.00, 0.52, 0.47, 0.00, 0.00, 0.47],
 [0.00, 0.00, 0.43, 0.00, 0.00, 0.00, 0.00, 0.57, 0.00, 0.00, 0.00, 0.00, 0.54, 0.59, 0.46, 0.00, 0.00],
 [0.00, 0.00, 0.00, 0.00, 0.00, 0.00, 0.47, 0.00, 0.83, 0.00, 0.73, 0.00, 0.00, 0.00, 0.00, 0.00, 0.00],
 [0.00, 0.00, 0.00, 0.00, 0.00, 0.00, 0.00, 0.87, 0.00, 0.81, 0.00, 0.63, 0.00, 0.00, 0.00, 0.81, 0.00],
 [0.00, 0.00, 0.00, 0.00, 0.47, 0.00, 0.00, 0.00, 0.71, 0.00, 0.77, 0.00, 0.00, 0.00, 0.00, 0.00, 0.00],
 [0.00, 0.37, 0.00, 0.57, 0.00, 0.87, 0.00, 0.00, 0.00, 0.57, 0.00, 0.00, 0.00, 0.57, 0.00, 0.00, 0.00],
 [0.00, 0.00, 0.00, 0.00, 0.83, 0.00, 0.71, 0.00, 0.00, 0.53, 0.69, 0.91, 0.00, 0.00, 0.00, 0.00, 0.00],
 [0.00, 0.00, 0.00, 0.00, 0.00, 0.81, 0.00, 0.57, 0.53, 0.00, 0.00, 0.00, 0.00, 0.00, 0.00, 0.00, 0.00],
 [0.00, 0.00, 0.00, 0.00, 0.73, 0.00, 0.77, 0.00, 0.69, 0.00, 0.00, 0.00, 0.00, 0.00, 0.00, 0.00, 0.00],
 [0.00, 0.00, 0.00, 0.00, 0.00, 0.63, 0.00, 0.00, 0.91, 0.00, 0.00, 0.00, 0.00, 0.00, 0.00, 0.47, 0.00],
 [0.00, 0.61, 0.52, 0.54, 0.00, 0.00, 0.00, 0.00, 0.00, 0.00, 0.00, 0.00, 0.00, 0.00, 0.55, 0.00, 0.00],
 [0.00, 0.57, 0.47, 0.59, 0.00, 0.00, 0.00, 0.57, 0.00, 0.00, 0.00, 0.00, 0.00, 0.00, 0.47, 0.00, 0.00],
 [0.00, 0.00, 0.00, 0.46, 0.00, 0.00, 0.00, 0.00, 0.00, 0.00, 0.00, 0.00, 0.55, 0.47, 0.00, 0.00, 0.00],
 [0.00, 0.00, 0.00, 0.00, 0.00, 0.81, 0.00, 0.00, 0.00, 0.00, 0.00, 0.47, 0.00, 0.00, 0.00, 0.00, 0.00],
 [0.00, 0.00, 0.47, 0.00, 0.00, 0.00, 0.00, 0.00, 0.00, 0.00, 0.00, 0.00, 0.00, 0.00, 0.00, 0.00, 0.00]
];

Ebox =	[
 [0.00, 0.07, 0.07, 0.00, 0.00, 0.00, 0.00, 0.00, 0.00, 0.00, 0.00, 0.00, 0.00, 0.00, 0.00, 0.00, 0.00],
 [0.07, 0.00, 0.10, 0.00, 0.00, 0.00, 0.00, 0.06, 0.00, 0.00, 0.00, 0.00, 0.10, 0.10, 0.00, 0.00, 0.00],
 [0.07, 0.10, 0.00, 0.07, 0.00, 0.00, 0.00, 0.00, 0.00, 0.00, 0.00, 0.00, 0.09, 0.08, 0.00, 0.00, 0.08],
 [0.00, 0.00, 0.07, 0.00, 0.00, 0.00, 0.00, 0.10, 0.00, 0.00, 0.00, 0.00, 0.09, 0.10, 0.08, 0.00, 0.00],
 [0.00, 0.00, 0.00, 0.00, 0.00, 0.00, 0.08, 0.00, 0.14, 0.00, 0.12, 0.00, 0.00, 0.00, 0.00, 0.00, 0.00],
 [0.00, 0.00, 0.00, 0.00, 0.00, 0.00, 0.00, 0.15, 0.00, 0.13, 0.00, 0.10, 0.00, 0.00, 0.00, 0.14, 0.00],
 [0.00, 0.00, 0.00, 0.00, 0.08, 0.00, 0.00, 0.00, 0.12, 0.00, 0.13, 0.00, 0.00, 0.00, 0.00, 0.00, 0.00],
 [0.00, 0.06, 0.00, 0.10, 0.00, 0.15, 0.00, 0.00, 0.00, 0.10, 0.00, 0.00, 0.00, 0.09, 0.00, 0.00, 0.00],
 [0.00, 0.00, 0.00, 0.00, 0.14, 0.00, 0.12, 0.00, 0.00, 0.09, 0.12, 0.15, 0.00, 0.00, 0.00, 0.00, 0.00],
 [0.00, 0.00, 0.00, 0.00, 0.00, 0.13, 0.00, 0.10, 0.09, 0.00, 0.00, 0.00, 0.00, 0.00, 0.00, 0.00, 0.00],
 [0.00, 0.00, 0.00, 0.00, 0.12, 0.00, 0.13, 0.00, 0.12, 0.00, 0.00, 0.00, 0.00, 0.00, 0.00, 0.00, 0.00],
 [0.00, 0.00, 0.00, 0.00, 0.00, 0.10, 0.00, 0.00, 0.15, 0.00, 0.00, 0.00, 0.00, 0.00, 0.00, 0.08, 0.00],
 [0.00, 0.10, 0.09, 0.09, 0.00, 0.00, 0.00, 0.00, 0.00, 0.00, 0.00, 0.00, 0.00, 0.00, 0.09, 0.00, 0.00],
 [0.00, 0.10, 0.08, 0.10, 0.00, 0.00, 0.00, 0.09, 0.00, 0.00, 0.00, 0.00, 0.00, 0.00, 0.08, 0.00, 0.00],
 [0.00, 0.00, 0.00, 0.08, 0.00, 0.00, 0.00, 0.00, 0.00, 0.00, 0.00, 0.00, 0.09, 0.08, 0.00, 0.00, 0.00],
 [0.00, 0.00, 0.00, 0.00, 0.00, 0.14, 0.00, 0.00, 0.00, 0.00, 0.00, 0.08, 0.00, 0.00, 0.00, 0.00, 0.00],
 [0.00, 0.00, 0.08, 0.00, 0.00, 0.00, 0.00, 0.00, 0.00, 0.00, 0.00, 0.00, 0.00, 0.00, 0.00, 0.00, 0.00]
];Distance = [
 [0.0, 3.73, 3.73, 0.0, 0.0, 0.0, 0.0, 0.0, 0.0, 0.0, 0.0, 0.0, 0.0, 0.0, 0.0, 0.0, 0.0],
 [3.73, 0.0, 4.88, 0.0, 0.0, 0.0, 0.0, 3.11, 0.0, 0.0, 0.0, 0.0, 5.14, 4.92, 0.0, 0.0, 0.0],
 [3.73, 4.88, 0.0, 3.64, 0.0, 0.0, 0.0, 0.0, 0.0, 0.0, 0.0, 0.0, 4.3, 4.05, 0.0, 0.0, 3.73],
 [0.0, 0.0, 3.64, 0.0, 0.0, 0.0, 0.0, 4.91, 0.0, 0.0, 0.0, 0.0, 4.54, 4.94, 3.86, 0.0, 0.0],
 [0.0, 0.0, 0.0, 0.0, 0.0, 0.0, 4.02, 0.0, 7.04, 0.0, 6.1, 0.0, 0.0, 0.0, 0.0, 0.0, 0.0],
 [0.0, 0.0, 0.0, 0.0, 0.0, 0.0, 0.0, 7.52, 0.0, 6.96, 0.0, 5.3, 0.0, 0.0, 0.0, 6.77, 0.0],
 [0.0, 0.0, 0.0, 0.0, 4.02, 0.0, 0.0, 0.0, 5.94, 0.0, 6.53, 0.0, 0.0, 0.0, 0.0, 0.0, 0.0],
 [0.0, 3.11, 0.0, 4.91, 0.0, 7.52, 0.0, 0.0, 0.0, 4.9, 0.0, 0.0, 0.0, 4.89, 0.0, 0.0, 0.0],
 [0.0, 0.0, 0.0, 0.0, 7.04, 0.0, 5.94, 0.0, 0.0, 4.42, 5.84, 7.59, 0.0, 0.0, 0.0, 0.0, 0.0],
 [0.0, 0.0, 0.0, 0.0, 0.0, 6.96, 0.0, 4.9, 4.42, 0.0, 0.0, 0.0, 0.0, 0.0, 0.0, 0.0, 0.0],
 [0.0, 0.0, 0.0, 0.0, 6.1, 0.0, 6.53, 0.0, 5.84, 0.0, 0.0, 0.0, 0.0, 0.0, 0.0, 0.0, 0.0],
 [0.0, 0.0, 0.0, 0.0, 0.0, 5.3, 0.0, 0.0, 7.59, 0.0, 0.0, 0.0, 0.0, 0.0, 0.0, 4.11, 0.0],
 [0.0, 5.14, 4.3, 4.54, 0.0, 0.0, 0.0, 0.0, 0.0, 0.0, 0.0, 0.0, 0.0, 0.0, 4.78, 0.0, 0.0],
 [0.0, 4.92, 4.05, 4.94, 0.0, 0.0, 0.0, 4.89, 0.0, 0.0, 0.0, 0.0, 0.0, 0.0, 3.94, 0.0, 0.0],
 [0.0, 0.0, 0.0, 3.86, 0.0, 0.0, 0.0, 0.0, 0.0, 0.0, 0.0, 0.0, 4.78, 3.94, 0.0, 0.0, 0.0],
 [0.0, 0.0, 0.0, 0.0, 0.0, 6.77, 0.0, 0.0, 0.0, 0.0, 0.0, 4.11, 0.0, 0.0, 0.0, 0.0, 0.0],
 [0.0, 0.0, 3.73, 0.0, 0.0, 0.0, 0.0, 0.0, 0.0, 0.0, 0.0, 0.0, 0.0, 0.0, 0.0, 0.0, 0.0]
];