def add_zero_to_rows(matrix):
    """
    Add a 0 to the end of each row in the matrix.
    
    Args:
        matrix: A 2D list (list of lists)
    
    Returns:
        A new matrix with 0 appended to each row
    """
    return [row + [0] for row in matrix]


def process_multiple_matrices(matrices):
    """
    Process multiple matrices at once, adding 0 to the end of each row.
    
    Args:
        matrices: A list of matrices (list of 2D lists)
    
    Returns:
        A list of processed matrices
    """
    return [add_zero_to_rows(matrix) for matrix in matrices]


def main():
    # Define multiple matrices
    matrices = [
        # Matrix 1: Integer matrix
        [
            [0, 1, 1, 0, 0, 0, 0, 0, 0, 0, 0, 0, 0, 0, 0, 0, 0],
            [1, 0, 1, 1, 0, 0, 0, 0, 0, 0, 0, 1, 0, 0, 0, 0, 0],
            [1, 1, 0, 1, 0, 0, 0, 0, 0, 0, 0, 0, 0, 0, 1, 0, 0],
            [0, 1, 1, 0, 0, 0, 0, 0, 0, 0, 0, 0, 0, 1, 0, 0, 0],
            [0, 0, 0, 0, 0, 0, 0, 0, 0, 0, 1, 1, 1, 1, 0, 0, 0],
            [0, 0, 0, 0, 0, 0, 0, 0, 0, 1, 0, 0, 0, 1, 1, 1, 0],
            [0, 0, 0, 0, 0, 0, 0, 1, 0, 0, 0, 0, 1, 1, 0, 1, 0],
            [0, 0, 0, 0, 0, 0, 1, 0, 1, 0, 0, 0, 1, 0, 0, 0, 1],
            [0, 0, 0, 0, 0, 0, 0, 1, 0, 0, 0, 0, 0, 0, 0, 1, 1],
            [0, 0, 0, 0, 0, 1, 0, 0, 0, 0, 0, 0, 0, 0, 0, 0, 0],
            [0, 0, 0, 0, 1, 0, 0, 0, 0, 0, 0, 1, 1, 0, 0, 0, 0],
            [0, 1, 0, 0, 1, 0, 0, 0, 0, 0, 1, 0, 0, 0, 0, 0, 0],
            [0, 0, 0, 0, 1, 0, 1, 1, 0, 0, 1, 0, 0, 0, 0, 0, 0],
            [0, 0, 0, 1, 1, 1, 1, 0, 0, 0, 0, 0, 0, 0, 1, 0, 0],
            [0, 0, 1, 0, 0, 1, 0, 0, 0, 0, 0, 0, 0, 1, 0, 0, 0],
            [0, 0, 0, 0, 0, 1, 1, 0, 1, 0, 0, 0, 0, 0, 0, 0, 0],
            [0, 0, 0, 0, 0, 0, 0, 1, 1, 0, 0, 0, 0, 0, 0, 0, 0]
        ],
        # Matrix 2: Float matrix
        [
            [0.0, 4.67, 6.95, 0.0, 0.0, 0.0, 0.0, 0.0, 0.0, 0.0, 0.0, 0.0, 0.0, 0.0, 0.0, 0.0, 0.0],
            [4.67, 0.0, 3.64, 4.14, 0.0, 0.0, 0.0, 0.0, 0.0, 0.0, 0.0, 3.27, 0.0, 0.0, 0.0, 0.0, 0.0],
            [6.95, 3.64, 0.0, 4.66, 0.0, 0.0, 0.0, 0.0, 0.0, 0.0, 0.0, 0.0, 0.0, 0.0, 7.39, 0.0, 0.0],
            [0.0, 4.14, 4.66, 0.0, 0.0, 0.0, 0.0, 0.0, 0.0, 0.0, 0.0, 0.0, 0.0, 7.16, 0.0, 0.0, 0.0],
            [0.0, 0.0, 0.0, 0.0, 0.0, 0.0, 0.0, 0.0, 0.0, 0.0, 5.3, 5.51, 5.01, 3.24, 0.0, 0.0, 0.0],
            [0.0, 0.0, 0.0, 0.0, 0.0, 0.0, 0.0, 0.0, 0.0, 6.82, 0.0, 0.0, 0.0, 5.11, 7.74, 3.56, 0.0],
            [0.0, 0.0, 0.0, 0.0, 0.0, 0.0, 0.0, 4.57, 0.0, 0.0, 0.0, 0.0, 3.85, 6.64, 0.0, 7.72, 0.0],
            [0.0, 0.0, 0.0, 0.0, 0.0, 0.0, 4.57, 0.0, 5.66, 0.0, 0.0, 0.0, 3.84, 0.0, 0.0, 0.0, 3.94],
            [0.0, 0.0, 0.0, 0.0, 0.0, 0.0, 0.0, 5.66, 0.0, 0.0, 0.0, 0.0, 0.0, 0.0, 0.0, 6.98, 7.76],
            [0.0, 0.0, 0.0, 0.0, 0.0, 6.82, 0.0, 0.0, 0.0, 0.0, 0.0, 0.0, 0.0, 0.0, 0.0, 0.0, 0.0],
            [0.0, 0.0, 0.0, 0.0, 5.3, 0.0, 0.0, 0.0, 0.0, 0.0, 0.0, 4.56, 6.17, 0.0, 0.0, 0.0, 0.0],
            [0.0, 3.27, 0.0, 0.0, 5.51, 0.0, 0.0, 0.0, 0.0, 0.0, 4.56, 0.0, 0.0, 0.0, 0.0, 0.0, 0.0],
            [0.0, 0.0, 0.0, 0.0, 5.01, 0.0, 3.85, 3.84, 0.0, 0.0, 6.17, 0.0, 0.0, 0.0, 0.0, 0.0, 0.0],
            [0.0, 0.0, 0.0, 7.16, 3.24, 5.11, 6.64, 0.0, 0.0, 0.0, 0.0, 0.0, 0.0, 0.0, 6.46, 0.0, 0.0],
            [0.0, 0.0, 7.39, 0.0, 0.0, 7.74, 0.0, 0.0, 0.0, 0.0, 0.0, 0.0, 0.0, 6.46, 0.0, 0.0, 0.0],
            [0.0, 0.0, 0.0, 0.0, 0.0, 3.56, 7.72, 0.0, 6.98, 0.0, 0.0, 0.0, 0.0, 0.0, 0.0, 0.0, 0.0],
            [0.0, 0.0, 0.0, 0.0, 0.0, 0.0, 0.0, 3.94, 7.76, 0.0, 0.0, 0.0, 0.0, 0.0, 0.0, 0.0, 0.0]
        ],
        # Matrix 3: Smaller matrix
        [
            [0.0, 0.87, 0.64, 0.0, 0.0, 0.0, 0.0, 0.0, 0.0, 0.0, 0.0, 0.0, 0.0, 0.0, 0.0, 0.0, 0.0],
            [0.87, 0.0, 0.67, 0.7, 0.0, 0.0, 0.0, 0.0, 0.0, 0.0, 0.0, 0.75, 0.0, 0.0, 0.0, 0.0, 0.0],
            [0.64, 0.67, 0.0, 0.83, 0.0, 0.0, 0.0, 0.0, 0.0, 0.0, 0.0, 0.0, 0.0, 0.0, 0.86, 0.0, 0.0],
            [0.0, 0.7, 0.83, 0.0, 0.0, 0.0, 0.0, 0.0, 0.0, 0.0, 0.0, 0.0, 0.0, 0.91, 0.0, 0.0, 0.0],
            [0.0, 0.0, 0.0, 0.0, 0.0, 0.0, 0.0, 0.0, 0.0, 0.0, 0.97, 0.95, 0.62, 0.94, 0.0, 0.0, 0.0],
            [0.0, 0.0, 0.0, 0.0, 0.0, 0.0, 0.0, 0.0, 0.0, 0.76, 0.0, 0.0, 0.0, 0.81, 0.73, 0.61, 0.0],
            [0.0, 0.0, 0.0, 0.0, 0.0, 0.0, 0.0, 0.9, 0.0, 0.0, 0.0, 0.0, 0.84, 0.68, 0.0, 0.95, 0.0],
            [0.0, 0.0, 0.0, 0.0, 0.0, 0.0, 0.9, 0.0, 0.69, 0.0, 0.0, 0.0, 0.68, 0.0, 0.0, 0.0, 0.84],
            [0.0, 0.0, 0.0, 0.0, 0.0, 0.0, 0.0, 0.69, 0.0, 0.0, 0.0, 0.0, 0.0, 0.0, 0.0, 0.78, 0.94],
            [0.0, 0.0, 0.0, 0.0, 0.0, 0.76, 0.0, 0.0, 0.0, 0.0, 0.0, 0.0, 0.0, 0.0, 0.0, 0.0, 0.0],
            [0.0, 0.0, 0.0, 0.0, 0.97, 0.0, 0.0, 0.0, 0.0, 0.0, 0.0, 0.72, 0.72, 0.0, 0.0, 0.0, 0.0],
            [0.0, 0.75, 0.0, 0.0, 0.95, 0.0, 0.0, 0.0, 0.0, 0.0, 0.72, 0.0, 0.0, 0.0, 0.0, 0.0, 0.0],
            [0.0, 0.0, 0.0, 0.0, 0.62, 0.0, 0.84, 0.68, 0.0, 0.0, 0.72, 0.0, 0.0, 0.0, 0.0, 0.0, 0.0],
            [0.0, 0.0, 0.0, 0.91, 0.94, 0.81, 0.68, 0.0, 0.0, 0.0, 0.0, 0.0, 0.0, 0.0, 0.79, 0.0, 0.0],
            [0.0, 0.0, 0.86, 0.0, 0.0, 0.73, 0.0, 0.0, 0.0, 0.0, 0.0, 0.0, 0.0, 0.79, 0.0, 0.0, 0.0],
            [0.0, 0.0, 0.0, 0.0, 0.0, 0.61, 0.95, 0.0, 0.78, 0.0, 0.0, 0.0, 0.0, 0.0, 0.0, 0.0, 0.0],
            [0.0, 0.0, 0.0, 0.0, 0.0, 0.0, 0.0, 0.84, 0.94, 0.0, 0.0, 0.0, 0.0, 0.0, 0.0, 0.0, 0.0]
        ]
    ]
    
    # Process all matrices at once
    print("Processing multiple matrices together...\n")
    results = process_multiple_matrices(matrices)
    
    # Display results
    for i, (original, result) in enumerate(zip(matrices, results), 1):
        print(f"Matrix {i} - Original:")
        for row in original:
            print(row)
        print(f"\nMatrix {i} - After adding 0 to each row:")
        for row in result:
            print(row)
        print("\n" + "="*70 + "\n")
    
    # Alternative: Process user input matrices
    print("\nProcess your own multiple matrices:")
    print("How many matrices do you want to process?")
    n_matrices = int(input())
    
    user_matrices = []
    for m in range(n_matrices):
        print(f"\nMatrix {m+1}:")
        print("Enter the number of rows:")
        n_rows = int(input())
        print("Enter the number of columns:")
        n_cols = int(input())
        
        matrix = []
        print(f"Enter {n_rows} rows of {n_cols} numbers (space-separated):")
        for i in range(n_rows):
            row = list(map(float, input(f"  Row {i+1}: ").split()))
            matrix.append(row)
        user_matrices.append(matrix)
    
    # Process all user matrices
    user_results = process_multiple_matrices(user_matrices)
    
    print("\n" + "="*70)
    print("Results for your matrices:\n")
    for i, (original, result) in enumerate(zip(user_matrices, user_results), 1):
        print(f"Your Matrix {i} - After adding 0:")
        for row in result:
            print(row)
        print()


if __name__ == "__main__":
    main()