=== GA INPUT ===
{
  "nodes": {
    "D": {
      "type": "depot"
    },
    "1": {
      "type": "intersection"
    },
    "2": {
      "type": "intersection"
    },
    "C1": {
      "type": "customer"
    },
    "BSS1": {
      "type": "bss"
    },
    "3": {
      "type": "intersection"
    },
    "4": {
      "type": "intersection"
    },
    "C2": {
      "type": "customer"
    },
    "C3": {
      "type": "customer"
    },
    "C4": {
      "type": "customer"
    },
    "C5": {
      "type": "customer"
    },
    "C6": {
      "type": "customer"
    },
    "5": {
      "type": "intersection"
    },
    "C7": {
      "type": "customer"
    },
    "BSS2": {
      "type": "bss"
    },
    "BSS3": {
      "type": "bss"
    },
    "6": {
      "type": "intersection"
    },
    "BSS4": {
      "type": "bss"
    }
  },
  "edges": [
    {
      "from": "D",
      "to": "1",
      "distance": 5.35,
      "traffic_factor": 0.69
    },
    {
      "from": "D",
      "to": "2",
      "distance": 5.35,
      "traffic_factor": 0.69
    },
    {
      "from": "1",
      "to": "2",
      "distance": 5.91,
      "traffic_factor": 0.77
    },
    {
      "from": "1",
      "to": "C3",
      "distance": 5.83,
      "traffic_factor": 0.9
    },
    {
      "from": "1",
      "to": "C5",
      "distance": 6.46,
      "traffic_factor": 0.71
    },
    {
      "from": "2",
      "to": "C1",
      "distance": 3.86,
      "traffic_factor": 0.66
    },
    {
      "from": "C1",
      "to": "3",
      "distance": 4.49,
      "traffic_factor": 0.83
    },
    {
      "from": "C1",
      "to": "BSS2",
      "distance": 6.92,
      "traffic_factor": 0.62
    },
    {
      "from": "BSS1",
      "to": "C2",
      "distance": 4.84,
      "traffic_factor": 0.79
    },
    {
      "from": "BSS1",
      "to": "C3",
      "distance": 5.28,
      "traffic_factor": 0.71
    },
    {
      "from": "BSS1",
      "to": "C4",
      "distance": 3.88,
      "traffic_factor": 0.7
    },
    {
      "from": "BSS1",
      "to": "C5",
      "distance": 6.28,
      "traffic_factor": 0.86
    },
    {
      "from": "BSS1",
      "to": "5",
      "distance": 5.36,
      "traffic_factor": 0.72
    },
    {
      "from": "3",
      "to": "BSS2",
      "distance": 7.13,
      "traffic_factor": 0.87
    },
    {
      "from": "3",
      "to": "6",
      "distance": 7.19,
      "traffic_factor": 0.92
    },
    {
      "from": "4",
      "to": "C3",
      "distance": 7.09,
      "traffic_factor": 0.96
    },
    {
      "from": "4",
      "to": "C5",
      "distance": 7.68,
      "traffic_factor": 0.71
    },
    {
      "from": "4",
      "to": "BSS4",
      "distance": 6.74,
      "traffic_factor": 0.76
    },
    {
      "from": "C2",
      "to": "C6",
      "distance": 3.3,
      "traffic_factor": 0.88
    },
    {
      "from": "C2",
      "to": "5",
      "distance": 5.98,
      "traffic_factor": 0.8
    },
    {
      "from": "C2",
      "to": "C7",
      "distance": 5.72,
      "traffic_factor": 0.89
    },
    {
      "from": "C3",
      "to": "C5",
      "distance": 6.24,
      "traffic_factor": 0.87
    },
    {
      "from": "C3",
      "to": "BSS4",
      "distance": 6.83,
      "traffic_factor": 0.79
    },
    {
      "from": "C4",
      "to": "C7",
      "distance": 5.84,
      "traffic_factor": 0.63
    },
    {
      "from": "C4",
      "to": "BSS2",
      "distance": 5.23,
      "traffic_factor": 1.0
    },
    {
      "from": "C4",
      "to": "BSS3",
      "distance": 6.15,
      "traffic_factor": 0.95
    },
    {
      "from": "C4",
      "to": "6",
      "distance": 5.4,
      "traffic_factor": 0.72
    },
    {
      "from": "C5",
      "to": "BSS4",
      "distance": 3.02,
      "traffic_factor": 0.67
    },
    {
      "from": "C6",
      "to": "5",
      "distance": 3.44,
      "traffic_factor": 0.66
    },
    {
      "from": "C6",
      "to": "C7",
      "distance": 5.25,
      "traffic_factor": 0.98
    },
    {
      "from": "C6",
      "to": "BSS4",
      "distance": 5.57,
      "traffic_factor": 0.63
    },
    {
      "from": "5",
      "to": "C7",
      "distance": 6.78,
      "traffic_factor": 0.74
    },
    {
      "from": "5",
      "to": "BSS3",
      "distance": 5.83,
      "traffic_factor": 0.85
    },
    {
      "from": "C7",
      "to": "BSS3",
      "distance": 6.03,
      "traffic_factor": 0.9
    },
    {
      "from": "BSS2",
      "to": "6",
      "distance": 6.75,
      "traffic_factor": 0.67
    },
    {
      "from": "BSS3",
      "to": "6",
      "distance": 5.06,
      "traffic_factor": 0.67
    }
  ]
}

=== ORDER OF NODES ===
['D', '1', '2', 'C1', 'BSS1', '3', '4', 'C2', 'C3', 'C4', 'C5', 'C6', '5', 'C7', 'BSS2', 'BSS3', '6', 'BSS4']

=== CPLEX MATRICES ===

Station = [0, 0, 0, 0, 1, 0, 0, 0, 0, 0, 0, 0, 0, 0, 1, 1, 0, 1, 0]
Costumer = [0, 0, 0, 1, 0, 0, 0, 1, 1, 1, 1, 1, 0, 1, 0, 0, 0, 0, 0]

--- Adjacency (0/1) ---
[
 [0, 1, 1, 0, 0, 0, 0, 0, 0, 0, 0, 0, 0, 0, 0, 0, 0, 0, 0],
 [1, 0, 1, 0, 0, 0, 0, 0, 1, 0, 1, 0, 0, 0, 0, 0, 0, 0, 0],
 [1, 1, 0, 1, 0, 0, 0, 0, 0, 0, 0, 0, 0, 0, 0, 0, 0, 0, 1],
 [0, 0, 1, 0, 0, 1, 0, 0, 0, 0, 0, 0, 0, 0, 1, 0, 0, 0, 0],
 [0, 0, 0, 0, 0, 0, 0, 1, 1, 1, 1, 0, 1, 0, 0, 0, 0, 0, 0],
 [0, 0, 0, 1, 0, 0, 0, 0, 0, 0, 0, 0, 0, 0, 1, 0, 1, 0, 0],
 [0, 0, 0, 0, 0, 0, 0, 0, 1, 0, 1, 0, 0, 0, 0, 0, 0, 1, 0],
 [0, 0, 0, 0, 1, 0, 0, 0, 0, 0, 0, 1, 1, 1, 0, 0, 0, 0, 0],
 [0, 1, 0, 0, 1, 0, 1, 0, 0, 0, 1, 0, 0, 0, 0, 0, 0, 1, 0],
 [0, 0, 0, 0, 1, 0, 0, 0, 0, 0, 0, 0, 0, 1, 1, 1, 1, 0, 0],
 [0, 1, 0, 0, 1, 0, 1, 0, 1, 0, 0, 0, 0, 0, 0, 0, 0, 1, 0],
 [0, 0, 0, 0, 0, 0, 0, 1, 0, 0, 0, 0, 1, 1, 0, 0, 0, 1, 0],
 [0, 0, 0, 0, 1, 0, 0, 1, 0, 0, 0, 1, 0, 1, 0, 1, 0, 0, 0],
 [0, 0, 0, 0, 0, 0, 0, 1, 0, 1, 0, 1, 1, 0, 0, 1, 0, 0, 0],
 [0, 0, 0, 1, 0, 1, 0, 0, 0, 1, 0, 0, 0, 0, 0, 0, 1, 0, 0],
 [0, 0, 0, 0, 0, 0, 0, 0, 0, 1, 0, 0, 1, 1, 0, 0, 1, 0, 0],
 [0, 0, 0, 0, 0, 1, 0, 0, 0, 1, 0, 0, 0, 0, 1, 1, 0, 0, 0],
 [0, 0, 0, 0, 0, 0, 1, 0, 1, 0, 1, 1, 0, 0, 0, 0, 0, 0, 0],
 [0, 0, 1, 0, 0, 0, 0, 0, 0, 0, 0, 0, 0, 0, 0, 0, 0, 0, 0]
]

--- Distance (km) ---
[
 [0.0, 5.35, 5.35, 0.0, 0.0, 0.0, 0.0, 0.0, 0.0, 0.0, 0.0, 0.0, 0.0, 0.0, 0.0, 0.0, 0.0, 0.0, 0.0],
 [5.35, 0.0, 5.91, 0.0, 0.0, 0.0, 0.0, 0.0, 5.83, 0.0, 6.46, 0.0, 0.0, 0.0, 0.0, 0.0, 0.0, 0.0, 0.0],
 [5.35, 5.91, 0.0, 3.86, 0.0, 0.0, 0.0, 0.0, 0.0, 0.0, 0.0, 0.0, 0.0, 0.0, 0.0, 0.0, 0.0, 0.0, 5.35],
 [0.0, 0.0, 3.86, 0.0, 0.0, 4.49, 0.0, 0.0, 0.0, 0.0, 0.0, 0.0, 0.0, 0.0, 6.92, 0.0, 0.0, 0.0, 0.0],
 [0.0, 0.0, 0.0, 0.0, 0.0, 0.0, 0.0, 4.84, 5.28, 3.88, 6.28, 0.0, 5.36, 0.0, 0.0, 0.0, 0.0, 0.0, 0.0],
 [0.0, 0.0, 0.0, 4.49, 0.0, 0.0, 0.0, 0.0, 0.0, 0.0, 0.0, 0.0, 0.0, 0.0, 7.13, 0.0, 7.19, 0.0, 0.0],
 [0.0, 0.0, 0.0, 0.0, 0.0, 0.0, 0.0, 0.0, 7.09, 0.0, 7.68, 0.0, 0.0, 0.0, 0.0, 0.0, 0.0, 6.74, 0.0],
 [0.0, 0.0, 0.0, 0.0, 4.84, 0.0, 0.0, 0.0, 0.0, 0.0, 0.0, 3.3, 5.98, 5.72, 0.0, 0.0, 0.0, 0.0, 0.0],
 [0.0, 5.83, 0.0, 0.0, 5.28, 0.0, 7.09, 0.0, 0.0, 0.0, 6.24, 0.0, 0.0, 0.0, 0.0, 0.0, 0.0, 6.83, 0.0],
 [0.0, 0.0, 0.0, 0.0, 3.88, 0.0, 0.0, 0.0, 0.0, 0.0, 0.0, 0.0, 0.0, 5.84, 5.23, 6.15, 5.4, 0.0, 0.0],
 [0.0, 6.46, 0.0, 0.0, 6.28, 0.0, 7.68, 0.0, 6.24, 0.0, 0.0, 0.0, 0.0, 0.0, 0.0, 0.0, 0.0, 3.02, 0.0],
 [0.0, 0.0, 0.0, 0.0, 0.0, 0.0, 0.0, 3.3, 0.0, 0.0, 0.0, 0.0, 3.44, 5.25, 0.0, 0.0, 0.0, 5.57, 0.0],
 [0.0, 0.0, 0.0, 0.0, 5.36, 0.0, 0.0, 5.98, 0.0, 0.0, 0.0, 3.44, 0.0, 6.78, 0.0, 5.83, 0.0, 0.0, 0.0],
 [0.0, 0.0, 0.0, 0.0, 0.0, 0.0, 0.0, 5.72, 0.0, 5.84, 0.0, 5.25, 6.78, 0.0, 0.0, 6.03, 0.0, 0.0, 0.0],
 [0.0, 0.0, 0.0, 6.92, 0.0, 7.13, 0.0, 0.0, 0.0, 5.23, 0.0, 0.0, 0.0, 0.0, 0.0, 0.0, 6.75, 0.0, 0.0],
 [0.0, 0.0, 0.0, 0.0, 0.0, 0.0, 0.0, 0.0, 0.0, 6.15, 0.0, 0.0, 5.83, 6.03, 0.0, 0.0, 5.06, 0.0, 0.0],
 [0.0, 0.0, 0.0, 0.0, 0.0, 7.19, 0.0, 0.0, 0.0, 5.4, 0.0, 0.0, 0.0, 0.0, 6.75, 5.06, 0.0, 0.0, 0.0],
 [0.0, 0.0, 0.0, 0.0, 0.0, 0.0, 6.74, 0.0, 6.83, 0.0, 3.02, 5.57, 0.0, 0.0, 0.0, 0.0, 0.0, 0.0, 0.0],
 [0.0, 0.0, 5.35, 0.0, 0.0, 0.0, 0.0, 0.0, 0.0, 0.0, 0.0, 0.0, 0.0, 0.0, 0.0, 0.0, 0.0, 0.0, 0.0]
]

--- TrafficFactor ---
[
 [0.0, 0.69, 0.69, 0.0, 0.0, 0.0, 0.0, 0.0, 0.0, 0.0, 0.0, 0.0, 0.0, 0.0, 0.0, 0.0, 0.0, 0.0, 0.0],
 [0.69, 0.0, 0.77, 0.0, 0.0, 0.0, 0.0, 0.0, 0.9, 0.0, 0.71, 0.0, 0.0, 0.0, 0.0, 0.0, 0.0, 0.0, 0.0],
 [0.69, 0.77, 0.0, 0.66, 0.0, 0.0, 0.0, 0.0, 0.0, 0.0, 0.0, 0.0, 0.0, 0.0, 0.0, 0.0, 0.0, 0.0, 0.69],
 [0.0, 0.0, 0.66, 0.0, 0.0, 0.83, 0.0, 0.0, 0.0, 0.0, 0.0, 0.0, 0.0, 0.0, 0.62, 0.0, 0.0, 0.0, 0.0],
 [0.0, 0.0, 0.0, 0.0, 0.0, 0.0, 0.0, 0.79, 0.71, 0.7, 0.86, 0.0, 0.72, 0.0, 0.0, 0.0, 0.0, 0.0, 0.0],
 [0.0, 0.0, 0.0, 0.83, 0.0, 0.0, 0.0, 0.0, 0.0, 0.0, 0.0, 0.0, 0.0, 0.0, 0.87, 0.0, 0.92, 0.0, 0.0],
 [0.0, 0.0, 0.0, 0.0, 0.0, 0.0, 0.0, 0.0, 0.96, 0.0, 0.71, 0.0, 0.0, 0.0, 0.0, 0.0, 0.0, 0.76, 0.0],
 [0.0, 0.0, 0.0, 0.0, 0.79, 0.0, 0.0, 0.0, 0.0, 0.0, 0.0, 0.88, 0.8, 0.89, 0.0, 0.0, 0.0, 0.0, 0.0],
 [0.0, 0.9, 0.0, 0.0, 0.71, 0.0, 0.96, 0.0, 0.0, 0.0, 0.87, 0.0, 0.0, 0.0, 0.0, 0.0, 0.0, 0.79, 0.0],
 [0.0, 0.0, 0.0, 0.0, 0.7, 0.0, 0.0, 0.0, 0.0, 0.0, 0.0, 0.0, 0.0, 0.63, 1.0, 0.95, 0.72, 0.0, 0.0],
 [0.0, 0.71, 0.0, 0.0, 0.86, 0.0, 0.71, 0.0, 0.87, 0.0, 0.0, 0.0, 0.0, 0.0, 0.0, 0.0, 0.0, 0.67, 0.0],
 [0.0, 0.0, 0.0, 0.0, 0.0, 0.0, 0.0, 0.88, 0.0, 0.0, 0.0, 0.0, 0.66, 0.98, 0.0, 0.0, 0.0, 0.63, 0.0],
 [0.0, 0.0, 0.0, 0.0, 0.72, 0.0, 0.0, 0.8, 0.0, 0.0, 0.0, 0.66, 0.0, 0.74, 0.0, 0.85, 0.0, 0.0, 0.0],
 [0.0, 0.0, 0.0, 0.0, 0.0, 0.0, 0.0, 0.89, 0.0, 0.63, 0.0, 0.98, 0.74, 0.0, 0.0, 0.9, 0.0, 0.0, 0.0],
 [0.0, 0.0, 0.0, 0.62, 0.0, 0.87, 0.0, 0.0, 0.0, 1.0, 0.0, 0.0, 0.0, 0.0, 0.0, 0.0, 0.67, 0.0, 0.0],
 [0.0, 0.0, 0.0, 0.0, 0.0, 0.0, 0.0, 0.0, 0.0, 0.95, 0.0, 0.0, 0.85, 0.9, 0.0, 0.0, 0.67, 0.0, 0.0],
 [0.0, 0.0, 0.0, 0.0, 0.0, 0.92, 0.0, 0.0, 0.0, 0.72, 0.0, 0.0, 0.0, 0.0, 0.67, 0.67, 0.0, 0.0, 0.0],
 [0.0, 0.0, 0.0, 0.0, 0.0, 0.0, 0.76, 0.0, 0.79, 0.0, 0.67, 0.63, 0.0, 0.0, 0.0, 0.0, 0.0, 0.0, 0.0],
 [0.0, 0.0, 0.69, 0.0, 0.0, 0.0, 0.0, 0.0, 0.0, 0.0, 0.0, 0.0, 0.0, 0.0, 0.0, 0.0, 0.0, 0.0, 0.0]
]

--- Travel Time T (minutes) ---
[
 [0.0, 9.3, 9.3, 0.0, 0.0, 0.0, 0.0, 0.0, 0.0, 0.0, 0.0, 0.0, 0.0, 0.0, 0.0, 0.0, 0.0, 0.0, 0.0],
 [9.3, 0.0, 9.21, 0.0, 0.0, 0.0, 0.0, 0.0, 7.77, 0.0, 10.92, 0.0, 0.0, 0.0, 0.0, 0.0, 0.0, 0.0, 0.0],
 [9.3, 9.21, 0.0, 7.02, 0.0, 0.0, 0.0, 0.0, 0.0, 0.0, 0.0, 0.0, 0.0, 0.0, 0.0, 0.0, 0.0, 0.0, 9.3],
 [0.0, 0.0, 7.02, 0.0, 0.0, 6.49, 0.0, 0.0, 0.0, 0.0, 0.0, 0.0, 0.0, 0.0, 13.39, 0.0, 0.0, 0.0, 0.0],
 [0.0, 0.0, 0.0, 0.0, 0.0, 0.0, 0.0, 7.35, 8.92, 6.65, 8.76, 0.0, 8.93, 0.0, 0.0, 0.0, 0.0, 0.0, 0.0],
 [0.0, 0.0, 0.0, 6.49, 0.0, 0.0, 0.0, 0.0, 0.0, 0.0, 0.0, 0.0, 0.0, 0.0, 9.83, 0.0, 9.38, 0.0, 0.0],
 [0.0, 0.0, 0.0, 0.0, 0.0, 0.0, 0.0, 0.0, 8.86, 0.0, 12.98, 0.0, 0.0, 0.0, 0.0, 0.0, 0.0, 10.64, 0.0],
 [0.0, 0.0, 0.0, 0.0, 7.35, 0.0, 0.0, 0.0, 0.0, 0.0, 0.0, 4.5, 8.97, 7.71, 0.0, 0.0, 0.0, 0.0, 0.0],
 [0.0, 7.77, 0.0, 0.0, 8.92, 0.0, 8.86, 0.0, 0.0, 0.0, 8.61, 0.0, 0.0, 0.0, 0.0, 0.0, 0.0, 10.37, 0.0],
 [0.0, 0.0, 0.0, 0.0, 6.65, 0.0, 0.0, 0.0, 0.0, 0.0, 0.0, 0.0, 0.0, 11.12, 6.28, 7.77, 9.0, 0.0, 0.0],
 [0.0, 10.92, 0.0, 0.0, 8.76, 0.0, 12.98, 0.0, 8.61, 0.0, 0.0, 0.0, 0.0, 0.0, 0.0, 0.0, 0.0, 5.41, 0.0],
 [0.0, 0.0, 0.0, 0.0, 0.0, 0.0, 0.0, 4.5, 0.0, 0.0, 0.0, 0.0, 6.25, 6.43, 0.0, 0.0, 0.0, 10.61, 0.0],
 [0.0, 0.0, 0.0, 0.0, 8.93, 0.0, 0.0, 8.97, 0.0, 0.0, 0.0, 6.25, 0.0, 10.99, 0.0, 8.23, 0.0, 0.0, 0.0],
 [0.0, 0.0, 0.0, 0.0, 0.0, 0.0, 0.0, 7.71, 0.0, 11.12, 0.0, 6.43, 10.99, 0.0, 0.0, 8.04, 0.0, 0.0, 0.0],
 [0.0, 0.0, 0.0, 13.39, 0.0, 9.83, 0.0, 0.0, 0.0, 6.28, 0.0, 0.0, 0.0, 0.0, 0.0, 0.0, 12.09, 0.0, 0.0],
 [0.0, 0.0, 0.0, 0.0, 0.0, 0.0, 0.0, 0.0, 0.0, 7.77, 0.0, 0.0, 8.23, 8.04, 0.0, 0.0, 9.06, 0.0, 0.0],
 [0.0, 0.0, 0.0, 0.0, 0.0, 9.38, 0.0, 0.0, 0.0, 9.0, 0.0, 0.0, 0.0, 0.0, 12.09, 9.06, 0.0, 0.0, 0.0],
 [0.0, 0.0, 0.0, 0.0, 0.0, 0.0, 10.64, 0.0, 10.37, 0.0, 5.41, 10.61, 0.0, 0.0, 0.0, 0.0, 0.0, 0.0, 0.0],
 [0.0, 0.0, 9.3, 0.0, 0.0, 0.0, 0.0, 0.0, 0.0, 0.0, 0.0, 0.0, 0.0, 0.0, 0.0, 0.0, 0.0, 0.0, 0.0]
]

--- Energy Drop (Edrop) - with load ---
[
 [0.0, 0.62, 0.62, 0.0, 0.0, 0.0, 0.0, 0.0, 0.0, 0.0, 0.0, 0.0, 0.0, 0.0, 0.0, 0.0, 0.0, 0.0, 0.0],
 [0.62, 0.0, 0.7, 0.0, 0.0, 0.0, 0.0, 0.0, 0.72, 0.0, 0.75, 0.0, 0.0, 0.0, 0.0, 0.0, 0.0, 0.0, 0.0],
 [0.62, 0.7, 0.0, 0.44, 0.0, 0.0, 0.0, 0.0, 0.0, 0.0, 0.0, 0.0, 0.0, 0.0, 0.0, 0.0, 0.0, 0.0, 0.62],
 [0.0, 0.0, 0.44, 0.0, 0.0, 0.54, 0.0, 0.0, 0.0, 0.0, 0.0, 0.0, 0.0, 0.0, 0.79, 0.0, 0.0, 0.0, 0.0],
 [0.0, 0.0, 0.0, 0.0, 0.0, 0.0, 0.0, 0.58, 0.61, 0.45, 0.77, 0.0, 0.63, 0.0, 0.0, 0.0, 0.0, 0.0, 0.0],
 [0.0, 0.0, 0.0, 0.54, 0.0, 0.0, 0.0, 0.0, 0.0, 0.0, 0.0, 0.0, 0.0, 0.0, 0.87, 0.0, 0.9, 0.0, 0.0],
 [0.0, 0.0, 0.0, 0.0, 0.0, 0.0, 0.0, 0.0, 0.9, 0.0, 0.89, 0.0, 0.0, 0.0, 0.0, 0.0, 0.0, 0.8, 0.0],
 [0.0, 0.0, 0.0, 0.0, 0.58, 0.0, 0.0, 0.0, 0.0, 0.0, 0.0, 0.41, 0.72, 0.71, 0.0, 0.0, 0.0, 0.0, 0.0],
 [0.0, 0.72, 0.0, 0.0, 0.61, 0.0, 0.9, 0.0, 0.0, 0.0, 0.76, 0.0, 0.0, 0.0, 0.0, 0.0, 0.0, 0.81, 0.0],
 [0.0, 0.0, 0.0, 0.0, 0.45, 0.0, 0.0, 0.0, 0.0, 0.0, 0.0, 0.0, 0.0, 0.66, 1.38, 0.78, 0.63, 0.0, 0.0],
 [0.0, 0.75, 0.0, 0.0, 0.77, 0.0, 0.89, 0.0, 0.76, 0.0, 0.0, 0.0, 0.0, 0.0, 0.0, 0.0, 0.0, 0.35, 0.0],
 [0.0, 0.0, 0.0, 0.0, 0.0, 0.0, 0.0, 0.41, 0.0, 0.0, 0.0, 0.0, 0.39, 0.67, 0.0, 0.0, 0.0, 0.63, 0.0],
 [0.0, 0.0, 0.0, 0.0, 0.63, 0.0, 0.0, 0.72, 0.0, 0.0, 0.0, 0.39, 0.0, 0.8, 0.0, 0.71, 0.0, 0.0, 0.0],
 [0.0, 0.0, 0.0, 0.0, 0.0, 0.0, 0.0, 0.71, 0.0, 0.66, 0.0, 0.67, 0.8, 0.0, 0.0, 0.75, 0.0, 0.0, 0.0],
 [0.0, 0.0, 0.0, 0.79, 0.0, 0.87, 0.0, 0.0, 0.0, 1.38, 0.0, 0.0, 0.0, 0.0, 0.0, 0.0, 0.78, 0.0, 0.0],
 [0.0, 0.0, 0.0, 0.0, 0.0, 0.0, 0.0, 0.0, 0.0, 0.78, 0.0, 0.0, 0.71, 0.75, 0.0, 0.0, 0.58, 0.0, 0.0],
 [0.0, 0.0, 0.0, 0.0, 0.0, 0.9, 0.0, 0.0, 0.0, 0.63, 0.0, 0.0, 0.0, 0.0, 0.78, 0.58, 0.0, 0.0, 0.0],
 [0.0, 0.0, 0.0, 0.0, 0.0, 0.0, 0.8, 0.0, 0.81, 0.0, 0.35, 0.63, 0.0, 0.0, 0.0, 0.0, 0.0, 0.0, 0.0],
 [0.0, 0.0, 0.62, 0.0, 0.0, 0.0, 0.0, 0.0, 0.0, 0.0, 0.0, 0.0, 0.0, 0.0, 0.0, 0.0, 0.0, 0.0, 0.0]
]

--- Energy Box (Ebox) - without load ---
[
 [0.0, 0.06, 0.06, 0.0, 0.0, 0.0, 0.0, 0.0, 0.0, 0.0, 0.0, 0.0, 0.0, 0.0, 0.0, 0.0, 0.0, 0.0, 0.0],
 [0.06, 0.0, 0.09, 0.0, 0.0, 0.0, 0.0, 0.0, 0.12, 0.0, 0.08, 0.0, 0.0, 0.0, 0.0, 0.0, 0.0, 0.0, 0.0],
 [0.06, 0.09, 0.0, 0.04, 0.0, 0.0, 0.0, 0.0, 0.0, 0.0, 0.0, 0.0, 0.0, 0.0, 0.0, 0.0, 0.0, 0.0, 0.06],
 [0.0, 0.0, 0.04, 0.0, 0.0, 0.08, 0.0, 0.0, 0.0, 0.0, 0.0, 0.0, 0.0, 0.0, 0.07, 0.0, 0.0, 0.0, 0.0],
 [0.0, 0.0, 0.0, 0.0, 0.0, 0.0, 0.0, 0.07, 0.07, 0.05, 0.11, 0.0, 0.07, 0.0, 0.0, 0.0, 0.0, 0.0, 0.0],
 [0.0, 0.0, 0.0, 0.08, 0.0, 0.0, 0.0, 0.0, 0.0, 0.0, 0.0, 0.0, 0.0, 0.0, 0.13, 0.0, 0.15, 0.0, 0.0],
 [0.0, 0.0, 0.0, 0.0, 0.0, 0.0, 0.0, 0.0, 0.16, 0.0, 0.1, 0.0, 0.0, 0.0, 0.0, 0.0, 0.0, 0.1, 0.0],
 [0.0, 0.0, 0.0, 0.0, 0.07, 0.0, 0.0, 0.0, 0.0, 0.0, 0.0, 0.06, 0.09, 0.11, 0.0, 0.0, 0.0, 0.0, 0.0],
 [0.0, 0.12, 0.0, 0.0, 0.07, 0.0, 0.16, 0.0, 0.0, 0.0, 0.12, 0.0, 0.0, 0.0, 0.0, 0.0, 0.0, 0.11, 0.0],
 [0.0, 0.0, 0.0, 0.0, 0.05, 0.0, 0.0, 0.0, 0.0, 0.0, 0.0, 0.0, 0.0, 0.06, 0.17, 0.14, 0.07, 0.0, 0.0],
 [0.0, 0.08, 0.0, 0.0, 0.11, 0.0, 0.1, 0.0, 0.12, 0.0, 0.0, 0.0, 0.0, 0.0, 0.0, 0.0, 0.0, 0.03, 0.0],
 [0.0, 0.0, 0.0, 0.0, 0.0, 0.0, 0.0, 0.06, 0.0, 0.0, 0.0, 0.0, 0.04, 0.12, 0.0, 0.0, 0.0, 0.06, 0.0],
 [0.0, 0.0, 0.0, 0.0, 0.07, 0.0, 0.0, 0.09, 0.0, 0.0, 0.0, 0.04, 0.0, 0.09, 0.0, 0.1, 0.0, 0.0, 0.0],
 [0.0, 0.0, 0.0, 0.0, 0.0, 0.0, 0.0, 0.11, 0.0, 0.06, 0.0, 0.12, 0.09, 0.0, 0.0, 0.12, 0.0, 0.0, 0.0],
 [0.0, 0.0, 0.0, 0.07, 0.0, 0.13, 0.0, 0.0, 0.0, 0.17, 0.0, 0.0, 0.0, 0.0, 0.0, 0.0, 0.08, 0.0, 0.0],
 [0.0, 0.0, 0.0, 0.0, 0.0, 0.0, 0.0, 0.0, 0.0, 0.14, 0.0, 0.0, 0.1, 0.12, 0.0, 0.0, 0.06, 0.0, 0.0],
 [0.0, 0.0, 0.0, 0.0, 0.0, 0.15, 0.0, 0.0, 0.0, 0.07, 0.0, 0.0, 0.0, 0.0, 0.08, 0.06, 0.0, 0.0, 0.0],
 [0.0, 0.0, 0.0, 0.0, 0.0, 0.0, 0.1, 0.0, 0.11, 0.0, 0.03, 0.06, 0.0, 0.0, 0.0, 0.0, 0.0, 0.0, 0.0],
 [0.0, 0.0, 0.06, 0.0, 0.0, 0.0, 0.0, 0.0, 0.0, 0.0, 0.0, 0.0, 0.0, 0.0, 0.0, 0.0, 0.0, 0.0, 0.0]
]
